1, 3
1, 4
2, 3
2, 4
3, 1
3, 2
3, 4
4, 1
4, 2
4, 3
5, 12
6, 12
7, 12
8, 12
9, 12
10, 11
10, 12
11, 10
11, 12
12, 5
12, 6
12, 7
12, 8
12, 9
12, 10
12, 11
13, 18
14, 18
15, 17
15, 18
16, 17
16, 18
17, 15
17, 16
18, 13
18, 14
18, 15
18, 16
19, 25
20, 25
21, 24
22, 23
22, 24
22, 25
23, 22
23, 24
23, 25
24, 21
24, 22
24, 23
24, 25
25, 19
25, 20
25, 22
25, 23
25, 24
26, 33
27, 33
28, 33
29, 32
30, 32
31, 32
31, 33
32, 29
32, 30
32, 31
33, 26
33, 27
33, 28
33, 31
34, 38
34, 39
35, 38
35, 39
36, 37
36, 39
37, 36
37, 39
38, 34
38, 35
38, 39
39, 34
39, 35
39, 36
39, 37
39, 38
40, 45
41, 43
42, 44
43, 41
43, 45
44, 42
44, 45
45, 40
45, 43
45, 44
46, 53
47, 53
48, 52
48, 53
49, 52
49, 53
50, 52
50, 53
51, 52
51, 53
52, 48
52, 49
52, 50
52, 51
52, 53
53, 46
53, 47
53, 48
53, 49
53, 50
53, 51
53, 52
54, 59
55, 59
56, 59
57, 59
58, 59
59, 54
59, 55
59, 56
59, 57
59, 58
60, 63
60, 65
61, 64
61, 65
62, 63
62, 64
62, 65
63, 60
63, 62
63, 64
64, 61
64, 62
64, 63
65, 60
65, 61
65, 62
66, 72
67, 71
68, 69
68, 72
69, 68
69, 70
70, 69
70, 71
70, 72
71, 67
71, 70
71, 72
72, 66
72, 68
72, 70
72, 71
73, 79
74, 77
74, 79
75, 78
75, 79
76, 77
76, 78
76, 79
77, 74
77, 76
77, 78
78, 75
78, 76
78, 77
78, 79
79, 73
79, 74
79, 75
79, 76
79, 78
80, 86
81, 84
81, 86
82, 84
82, 85
83, 85
83, 86
84, 81
84, 82
84, 85
85, 82
85, 83
85, 84
85, 86
86, 80
86, 81
86, 83
86, 85
87, 93
88, 93
89, 91
89, 92
90, 91
90, 92
90, 93
91, 89
91, 90
91, 92
91, 93
92, 89
92, 90
92, 91
92, 93
93, 87
93, 88
93, 90
93, 91
93, 92
94, 98
94, 100
95, 99
95, 100
96, 98
96, 99
96, 100
97, 98
97, 99
97, 100
98, 94
98, 96
98, 97
98, 99
99, 95
99, 96
99, 97
99, 98
100, 94
100, 95
100, 96
100, 97
101, 108
102, 107
103, 107
104, 105
105, 104
105, 108
106, 107
106, 108
107, 102
107, 103
107, 106
107, 108
108, 101
108, 105
108, 106
108, 107
109, 113
109, 115
110, 114
110, 115
111, 114
111, 115
112, 113
112, 115
113, 109
113, 112
113, 114
113, 115
114, 110
114, 111
114, 113
114, 115
115, 109
115, 110
115, 111
115, 112
115, 113
115, 114
116, 123
117, 123
118, 122
119, 120
120, 119
120, 121
121, 120
121, 122
121, 123
122, 118
122, 121
122, 123
123, 116
123, 117
123, 121
123, 122
124, 125
124, 129
125, 124
125, 129
126, 127
126, 128
126, 129
127, 126
127, 128
127, 129
128, 126
128, 127
128, 129
129, 124
129, 125
129, 126
129, 127
129, 128
130, 133
130, 135
131, 134
131, 135
132, 134
132, 135
133, 130
133, 134
133, 135
134, 131
134, 132
134, 133
134, 135
135, 130
135, 131
135, 132
135, 133
135, 134
136, 142
137, 143
138, 142
138, 143
139, 142
139, 143
140, 142
140, 143
141, 142
141, 143
142, 136
142, 138
142, 139
142, 140
142, 141
142, 143
143, 137
143, 138
143, 139
143, 140
143, 141
143, 142
144, 145
144, 148
145, 144
145, 148
146, 147
146, 149
147, 146
147, 149
148, 144
148, 145
148, 149
149, 146
149, 147
149, 148
150, 155
150, 156
151, 155
151, 156
152, 154
152, 155
152, 156
153, 154
153, 155
153, 156
154, 152
154, 153
154, 155
154, 156
155, 150
155, 151
155, 152
155, 153
155, 154
156, 150
156, 151
156, 152
156, 153
156, 154
157, 163
158, 162
159, 160
159, 162
160, 159
160, 161
160, 163
161, 160
161, 162
161, 163
162, 158
162, 159
162, 161
162, 163
163, 157
163, 160
163, 161
163, 162
164, 171
165, 171
166, 171
167, 170
167, 171
168, 169
168, 170
168, 171
169, 168
169, 170
169, 171
170, 167
170, 168
170, 169
170, 171
171, 164
171, 165
171, 166
171, 167
171, 168
171, 169
171, 170
172, 179
173, 179
174, 179
175, 179
176, 178
177, 178
177, 179
178, 176
178, 177
179, 172
179, 173
179, 174
179, 175
179, 177
180, 186
181, 185
181, 186
182, 183
182, 184
182, 185
183, 182
183, 185
183, 186
184, 182
184, 185
184, 186
185, 181
185, 182
185, 183
185, 184
185, 186
186, 180
186, 181
186, 183
186, 184
186, 185
187, 193
188, 191
188, 192
189, 191
189, 192
189, 193
190, 191
190, 192
190, 193
191, 188
191, 189
191, 190
191, 193
192, 188
192, 189
192, 190
192, 193
193, 187
193, 189
193, 190
193, 191
193, 192
194, 200
195, 199
195, 200
196, 197
196, 200
197, 196
197, 198
198, 197
198, 199
199, 195
199, 198
199, 200
200, 194
200, 195
200, 196
200, 199
201, 208
202, 208
203, 207
204, 205
204, 206
205, 204
205, 207
205, 208
206, 204
206, 207
206, 208
207, 203
207, 205
207, 206
208, 201
208, 202
208, 205
208, 206
209, 214
210, 213
210, 214
211, 212
211, 213
211, 214
212, 211
212, 213
212, 214
213, 210
213, 211
213, 212
213, 214
214, 209
214, 210
214, 211
214, 212
214, 213
215, 220
216, 220
217, 220
218, 219
219, 218
219, 220
220, 215
220, 216
220, 217
220, 219
221, 225
221, 227
222, 226
222, 227
223, 225
223, 226
223, 227
224, 225
224, 226
224, 227
225, 221
225, 223
225, 224
226, 222
226, 223
226, 224
227, 221
227, 222
227, 223
227, 224
228, 235
229, 235
230, 233
231, 234
231, 235
232, 234
232, 235
233, 230
233, 234
234, 231
234, 232
234, 233
235, 228
235, 229
235, 231
235, 232
236, 242
237, 242
238, 243
239, 243
240, 241
240, 242
241, 240
241, 243
242, 236
242, 237
242, 240
243, 238
243, 239
243, 241
244, 247
245, 248
246, 247
246, 248
247, 244
247, 246
248, 245
248, 246
249, 256
250, 256
251, 254
252, 255
253, 255
254, 251
254, 256
255, 252
255, 253
255, 256
256, 249
256, 250
256, 254
256, 255
257, 264
258, 264
259, 262
260, 263
261, 263
261, 264
262, 259
262, 264
263, 260
263, 261
263, 264
264, 257
264, 258
264, 261
264, 262
264, 263
265, 272
266, 272
267, 272
268, 271
268, 272
269, 270
269, 271
270, 269
270, 271
270, 272
271, 268
271, 269
271, 270
272, 265
272, 266
272, 267
272, 268
272, 270
273, 274
273, 278
274, 273
274, 279
275, 278
275, 279
276, 278
276, 279
277, 278
277, 279
278, 273
278, 275
278, 276
278, 277
279, 274
279, 275
279, 276
279, 277
280, 287
281, 285
282, 286
282, 287
283, 286
283, 287
284, 286
284, 287
285, 281
285, 286
285, 287
286, 282
286, 283
286, 284
286, 285
286, 287
287, 280
287, 282
287, 283
287, 284
287, 285
287, 286
288, 292
288, 294
289, 293
289, 294
290, 293
290, 294
291, 292
291, 293
292, 288
292, 291
292, 294
293, 289
293, 290
293, 291
293, 294
294, 288
294, 289
294, 290
294, 292
294, 293
295, 302
296, 301
297, 301
298, 300
298, 302
299, 300
299, 302
300, 298
300, 299
301, 296
301, 297
301, 302
302, 295
302, 298
302, 299
302, 301
303, 306
303, 307
304, 305
304, 306
304, 307
305, 304
305, 306
305, 307
306, 303
306, 304
306, 305
306, 307
307, 303
307, 304
307, 305
307, 306
308, 313
309, 311
309, 313
310, 312
310, 313
311, 309
311, 312
312, 310
312, 311
313, 308
313, 309
313, 310
314, 318
314, 320
315, 318
315, 320
316, 319
316, 320
317, 319
317, 320
318, 314
318, 315
319, 316
319, 317
319, 320
320, 314
320, 315
320, 316
320, 317
320, 319
321, 327
322, 327
323, 326
323, 327
324, 325
324, 326
324, 327
325, 324
325, 326
325, 327
326, 323
326, 324
326, 325
326, 327
327, 321
327, 322
327, 323
327, 324
327, 325
327, 326
328, 332
329, 333
329, 334
330, 333
330, 334
331, 332
331, 333
331, 334
332, 328
332, 331
332, 333
332, 334
333, 329
333, 330
333, 331
333, 332
333, 334
334, 329
334, 330
334, 331
334, 332
334, 333
335, 341
336, 341
337, 339
338, 340
339, 337
339, 341
340, 338
340, 341
341, 335
341, 336
341, 339
341, 340
342, 349
343, 349
344, 349
345, 349
346, 348
347, 348
348, 346
348, 347
348, 349
349, 342
349, 343
349, 344
349, 345
349, 348
350, 355
351, 355
351, 356
352, 355
352, 356
353, 354
353, 356
354, 353
354, 356
355, 350
355, 351
355, 352
356, 351
356, 352
356, 353
356, 354
357, 363
358, 363
359, 363
360, 361
360, 362
360, 363
361, 360
361, 362
361, 363
362, 360
362, 361
362, 363
363, 357
363, 358
363, 359
363, 360
363, 361
363, 362
364, 370
365, 370
366, 368
367, 369
368, 366
368, 369
368, 370
369, 367
369, 368
369, 370
370, 364
370, 365
370, 368
370, 369
371, 378
372, 378
373, 375
373, 378
374, 376
374, 378
375, 373
375, 377
376, 374
376, 377
377, 375
377, 376
377, 378
378, 371
378, 372
378, 373
378, 374
378, 377
379, 385
380, 384
381, 383
381, 385
382, 384
382, 385
383, 381
383, 384
383, 385
384, 380
384, 382
384, 383
384, 385
385, 379
385, 381
385, 382
385, 383
385, 384
386, 392
387, 390
388, 391
388, 392
389, 391
389, 392
390, 387
390, 391
391, 388
391, 389
391, 390
392, 386
392, 388
392, 389
393, 398
394, 395
394, 397
395, 394
395, 399
396, 398
396, 399
397, 394
397, 398
397, 399
398, 393
398, 396
398, 397
398, 399
399, 395
399, 396
399, 397
399, 398
400, 407
401, 407
402, 406
402, 407
403, 405
403, 406
404, 405
404, 406
405, 403
405, 404
405, 407
406, 402
406, 403
406, 404
407, 400
407, 401
407, 402
407, 405
408, 412
408, 414
409, 413
409, 414
410, 412
410, 413
410, 414
411, 412
411, 413
411, 414
412, 408
412, 410
412, 411
412, 414
413, 409
413, 410
413, 411
413, 414
414, 408
414, 409
414, 410
414, 411
414, 412
414, 413
415, 421
416, 421
417, 420
418, 419
418, 420
418, 421
419, 418
419, 420
419, 421
420, 417
420, 418
420, 419
421, 415
421, 416
421, 418
421, 419
422, 429
423, 429
424, 428
424, 429
425, 426
425, 427
426, 425
426, 428
426, 429
427, 425
427, 428
427, 429
428, 424
428, 426
428, 427
428, 429
429, 422
429, 423
429, 424
429, 426
429, 427
429, 428
430, 434
431, 435
431, 436
432, 435
432, 436
433, 435
433, 436
434, 430
434, 435
434, 436
435, 431
435, 432
435, 433
435, 434
436, 431
436, 432
436, 433
436, 434
437, 438
438, 437
438, 441
439, 440
439, 441
440, 439
440, 441
441, 438
441, 439
441, 440
442, 445
443, 446
443, 447
444, 446
444, 447
445, 442
445, 447
446, 443
446, 444
447, 443
447, 444
447, 445
448, 454
449, 454
450, 451
450, 452
450, 454
451, 450
451, 453
451, 454
452, 450
452, 453
452, 454
453, 451
453, 452
453, 454
454, 448
454, 449
454, 450
454, 451
454, 452
454, 453
455, 458
455, 459
455, 460
456, 458
456, 459
456, 460
457, 458
457, 459
457, 460
458, 455
458, 456
458, 457
458, 459
458, 460
459, 455
459, 456
459, 457
459, 458
459, 460
460, 455
460, 456
460, 457
460, 458
460, 459
461, 463
461, 464
461, 465
462, 463
462, 464
462, 465
463, 461
463, 462
463, 464
463, 465
464, 461
464, 462
464, 463
464, 465
465, 461
465, 462
465, 463
465, 464
466, 473
467, 473
468, 472
468, 473
469, 472
469, 473
470, 471
470, 472
470, 473
471, 470
471, 472
471, 473
472, 468
472, 469
472, 470
472, 471
472, 473
473, 466
473, 467
473, 468
473, 469
473, 470
473, 471
473, 472
474, 476
475, 477
476, 474
476, 477
477, 475
477, 476
478, 483
479, 481
480, 482
480, 483
481, 479
481, 482
481, 483
482, 480
482, 481
482, 483
483, 478
483, 480
483, 481
483, 482
484, 491
485, 489
486, 489
486, 491
487, 490
487, 491
488, 490
488, 491
489, 485
489, 486
490, 487
490, 488
490, 491
491, 484
491, 486
491, 487
491, 488
491, 490
492, 499
493, 499
494, 497
494, 499
495, 498
495, 499
496, 498
496, 499
497, 494
497, 498
497, 499
498, 495
498, 496
498, 497
498, 499
499, 492
499, 493
499, 494
499, 495
499, 496
499, 497
499, 498
500, 505
501, 504
501, 506
502, 504
502, 506
503, 505
503, 506
504, 501
504, 502
504, 505
505, 500
505, 503
505, 504
505, 506
506, 501
506, 502
506, 503
506, 505
507, 511
507, 513
508, 512
508, 513
509, 512
509, 513
510, 511
510, 513
511, 507
511, 510
511, 512
512, 508
512, 509
512, 511
513, 507
513, 508
513, 509
513, 510
514, 521
515, 520
515, 521
516, 520
516, 521
517, 520
517, 521
518, 519
518, 520
518, 521
519, 518
519, 520
519, 521
520, 515
520, 516
520, 517
520, 518
520, 519
520, 521
521, 514
521, 515
521, 516
521, 517
521, 518
521, 519
521, 520
522, 527
523, 526
523, 527
524, 526
524, 527
525, 526
525, 527
526, 523
526, 524
526, 525
526, 527
527, 522
527, 523
527, 524
527, 525
527, 526
528, 534
529, 535
530, 534
530, 535
531, 534
531, 535
532, 533
532, 534
532, 535
533, 532
533, 534
533, 535
534, 528
534, 530
534, 531
534, 532
534, 533
534, 535
535, 529
535, 530
535, 531
535, 532
535, 533
535, 534
536, 540
537, 540
537, 541
538, 539
538, 541
539, 538
539, 541
540, 536
540, 537
541, 537
541, 538
541, 539
542, 545
543, 544
543, 545
544, 543
544, 545
545, 542
545, 543
545, 544
546, 550
547, 551
547, 552
548, 551
548, 552
549, 550
549, 552
550, 546
550, 549
550, 552
551, 547
551, 548
551, 552
552, 547
552, 548
552, 549
552, 550
552, 551
553, 559
554, 557
554, 559
555, 558
555, 559
556, 557
556, 558
556, 559
557, 554
557, 556
557, 559
558, 555
558, 556
558, 559
559, 553
559, 554
559, 555
559, 556
559, 557
559, 558
560, 561
560, 563
561, 560
561, 564
562, 563
562, 564
563, 560
563, 562
563, 564
564, 561
564, 562
564, 563
565, 570
565, 571
566, 570
566, 571
567, 569
567, 571
568, 569
568, 570
569, 567
569, 568
569, 571
570, 565
570, 566
570, 568
571, 565
571, 566
571, 567
571, 569
572, 578
573, 579
574, 579
575, 579
576, 578
577, 578
578, 572
578, 576
578, 577
578, 579
579, 573
579, 574
579, 575
579, 578
580, 584
581, 582
581, 583
582, 581
582, 583
582, 584
583, 581
583, 582
583, 584
584, 580
584, 582
584, 583
585, 591
586, 590
586, 591
587, 589
587, 590
587, 591
588, 589
588, 590
588, 591
589, 587
589, 588
589, 590
589, 591
590, 586
590, 587
590, 588
590, 589
591, 585
591, 586
591, 587
591, 588
591, 589
592, 597
592, 599
593, 598
593, 599
594, 598
594, 599
595, 598
595, 599
596, 598
596, 599
597, 592
597, 598
597, 599
598, 593
598, 594
598, 595
598, 596
598, 597
599, 592
599, 593
599, 594
599, 595
599, 596
599, 597
600, 607
601, 607
602, 606
602, 607
603, 604
603, 606
604, 603
604, 605
605, 604
605, 606
605, 607
606, 602
606, 603
606, 605
607, 600
607, 601
607, 602
607, 605
608, 615
609, 615
610, 613
610, 615
611, 614
611, 615
612, 613
612, 614
612, 615
613, 610
613, 612
613, 615
614, 611
614, 612
614, 615
615, 608
615, 609
615, 610
615, 611
615, 612
615, 613
615, 614
616, 623
617, 621
618, 622
619, 622
620, 621
621, 617
621, 620
621, 623
622, 618
622, 619
622, 623
623, 616
623, 621
623, 622
624, 629
625, 627
625, 628
625, 629
626, 627
626, 628
626, 629
627, 625
627, 626
627, 628
627, 629
628, 625
628, 626
628, 627
628, 629
629, 624
629, 625
629, 626
629, 627
629, 628
630, 637
631, 632
632, 631
632, 637
633, 636
633, 637
634, 636
634, 637
635, 636
635, 637
636, 633
636, 634
636, 635
636, 637
637, 630
637, 632
637, 633
637, 634
637, 635
637, 636
638, 645
639, 645
640, 643
640, 645
641, 644
641, 645
642, 643
642, 644
643, 640
643, 642
643, 645
644, 641
644, 642
644, 645
645, 638
645, 639
645, 640
645, 641
645, 643
645, 644
646, 650
647, 649
647, 650
647, 651
648, 649
648, 650
648, 651
649, 647
649, 648
649, 651
650, 646
650, 647
650, 648
650, 651
651, 647
651, 648
651, 649
651, 650
652, 659
653, 659
654, 659
655, 657
655, 658
656, 657
656, 658
657, 655
657, 656
657, 659
658, 655
658, 656
658, 659
659, 652
659, 653
659, 654
659, 657
659, 658
660, 666
661, 666
662, 665
663, 664
663, 665
664, 663
664, 665
664, 666
665, 662
665, 663
665, 664
666, 660
666, 661
666, 664
667, 674
668, 674
669, 674
670, 673
670, 674
671, 672
671, 673
672, 671
672, 673
673, 670
673, 671
673, 672
673, 674
674, 667
674, 668
674, 669
674, 670
674, 673
675, 682
676, 682
677, 681
677, 682
678, 679
678, 680
679, 678
679, 681
679, 682
680, 678
680, 681
680, 682
681, 677
681, 679
681, 680
682, 675
682, 676
682, 677
682, 679
682, 680
683, 690
684, 690
685, 689
686, 687
686, 690
687, 686
687, 688
688, 687
688, 689
689, 685
689, 688
690, 683
690, 684
690, 686
691, 692
691, 693
692, 691
692, 695
693, 691
693, 696
694, 695
694, 696
695, 692
695, 694
695, 696
696, 693
696, 694
696, 695
697, 704
698, 704
699, 702
700, 703
701, 702
701, 703
702, 699
702, 701
702, 704
703, 700
703, 701
703, 704
704, 697
704, 698
704, 702
704, 703
705, 708
705, 710
706, 709
706, 710
707, 708
707, 709
707, 710
708, 705
708, 707
708, 709
708, 710
709, 706
709, 707
709, 708
709, 710
710, 705
710, 706
710, 707
710, 708
710, 709
711, 717
712, 718
713, 717
713, 718
714, 717
714, 718
715, 717
715, 718
716, 717
716, 718
717, 711
717, 713
717, 714
717, 715
717, 716
718, 712
718, 713
718, 714
718, 715
718, 716
719, 723
719, 724
720, 722
720, 723
720, 724
721, 722
721, 723
721, 724
722, 720
722, 721
722, 723
722, 724
723, 719
723, 720
723, 721
723, 722
723, 724
724, 719
724, 720
724, 721
724, 722
724, 723
725, 729
725, 731
726, 729
726, 731
727, 730
727, 731
728, 730
728, 731
729, 725
729, 726
729, 730
730, 727
730, 728
730, 729
730, 731
731, 725
731, 726
731, 727
731, 728
731, 730
732, 738
733, 736
733, 738
734, 737
734, 738
735, 737
735, 738
736, 733
736, 737
736, 738
737, 734
737, 735
737, 736
737, 738
738, 732
738, 733
738, 734
738, 735
738, 736
738, 737
739, 745
740, 743
741, 744
741, 745
742, 743
742, 744
742, 745
743, 740
743, 742
743, 744
743, 745
744, 741
744, 742
744, 743
744, 745
745, 739
745, 741
745, 742
745, 743
745, 744
746, 749
746, 751
747, 750
747, 751
748, 749
748, 750
749, 746
749, 748
749, 751
750, 747
750, 748
750, 751
751, 746
751, 747
751, 749
751, 750
752, 758
753, 758
754, 756
754, 757
754, 758
755, 756
755, 757
755, 758
756, 754
756, 755
756, 757
757, 754
757, 755
757, 756
758, 752
758, 753
758, 754
758, 755
759, 763
759, 764
760, 763
760, 764
761, 763
761, 764
762, 763
762, 764
763, 759
763, 760
763, 761
763, 762
763, 764
764, 759
764, 760
764, 761
764, 762
764, 763
765, 770
765, 771
766, 770
766, 771
767, 768
767, 770
768, 767
768, 769
768, 771
769, 768
769, 770
769, 771
770, 765
770, 766
770, 767
770, 769
771, 765
771, 766
771, 768
771, 769
772, 779
773, 779
774, 779
775, 778
776, 778
776, 779
777, 778
777, 779
778, 775
778, 776
778, 777
779, 772
779, 773
779, 774
779, 776
779, 777
780, 783
780, 784
780, 785
781, 782
781, 783
781, 784
781, 785
782, 781
782, 783
782, 784
782, 785
783, 780
783, 781
783, 782
783, 784
783, 785
784, 780
784, 781
784, 782
784, 783
784, 785
785, 780
785, 781
785, 782
785, 783
785, 784
786, 790
786, 792
787, 791
787, 792
788, 791
788, 792
789, 790
789, 792
790, 786
790, 789
790, 792
791, 787
791, 788
791, 792
792, 786
792, 787
792, 788
792, 789
792, 790
792, 791
793, 800
794, 800
795, 800
796, 800
797, 799
797, 800
798, 799
798, 800
799, 797
799, 798
800, 793
800, 794
800, 795
800, 796
800, 797
800, 798
801, 808
802, 807
802, 808
803, 807
803, 808
804, 807
804, 808
805, 806
805, 807
805, 808
806, 805
806, 807
806, 808
807, 802
807, 803
807, 804
807, 805
807, 806
808, 801
808, 802
808, 803
808, 804
808, 805
808, 806
809, 814
810, 813
810, 815
811, 813
811, 815
812, 814
812, 815
813, 810
813, 811
814, 809
814, 812
814, 815
815, 810
815, 811
815, 812
815, 814
816, 820
817, 821
817, 822
818, 821
818, 822
819, 820
819, 822
820, 816
820, 819
820, 821
820, 822
821, 817
821, 818
821, 820
821, 822
822, 817
822, 818
822, 819
822, 820
822, 821
823, 830
824, 830
825, 828
825, 830
826, 829
826, 830
827, 829
827, 830
828, 825
828, 829
829, 826
829, 827
829, 828
830, 823
830, 824
830, 825
830, 826
830, 827
831, 838
832, 837
833, 836
833, 838
834, 836
834, 838
835, 837
835, 838
836, 833
836, 834
837, 832
837, 835
837, 838
838, 831
838, 833
838, 834
838, 835
838, 837
839, 845
840, 842
841, 843
842, 840
842, 844
842, 845
843, 841
843, 844
843, 845
844, 842
844, 843
844, 845
845, 839
845, 842
845, 843
845, 844
846, 853
847, 853
848, 852
849, 852
849, 853
850, 851
850, 853
851, 850
851, 852
851, 853
852, 848
852, 849
852, 851
853, 846
853, 847
853, 849
853, 850
853, 851
854, 861
855, 859
856, 860
856, 861
857, 860
857, 861
858, 860
858, 861
859, 855
859, 860
859, 861
860, 856
860, 857
860, 858
860, 859
861, 854
861, 856
861, 857
861, 858
861, 859
862, 869
863, 869
864, 866
865, 867
865, 869
866, 864
866, 868
867, 865
867, 868
868, 866
868, 867
868, 869
869, 862
869, 863
869, 865
869, 868
870, 871
871, 870
871, 875
872, 873
872, 874
873, 872
873, 874
873, 875
874, 872
874, 873
874, 875
875, 871
875, 873
875, 874
876, 882
877, 881
878, 881
878, 882
879, 880
879, 882
880, 879
880, 881
880, 882
881, 877
881, 878
881, 880
882, 876
882, 878
882, 879
882, 880
883, 890
884, 888
884, 890
885, 889
885, 890
886, 889
886, 890
887, 889
887, 890
888, 884
888, 889
888, 890
889, 885
889, 886
889, 887
889, 888
889, 890
890, 883
890, 884
890, 885
890, 886
890, 887
890, 888
890, 889
891, 893
892, 896
892, 897
893, 891
893, 894
893, 895
894, 893
894, 896
894, 897
895, 893
895, 896
895, 897
896, 892
896, 894
896, 895
896, 897
897, 892
897, 894
897, 895
897, 896
898, 905
899, 905
900, 903
901, 904
901, 905
902, 904
902, 905
903, 900
903, 905
904, 901
904, 902
905, 898
905, 899
905, 901
905, 902
905, 903
906, 912
907, 912
908, 910
908, 912
909, 911
909, 912
910, 908
910, 911
911, 909
911, 910
911, 912
912, 906
912, 907
912, 908
912, 909
912, 911
913, 920
914, 920
915, 919
916, 918
916, 919
917, 919
917, 920
918, 916
918, 919
918, 920
919, 915
919, 916
919, 917
919, 918
920, 913
920, 914
920, 917
920, 918
921, 927
922, 926
923, 926
923, 927
924, 925
924, 927
925, 924
925, 927
926, 922
926, 923
927, 921
927, 923
927, 924
927, 925
928, 932
928, 933
929, 931
929, 932
929, 933
930, 931
930, 932
930, 933
931, 929
931, 930
931, 933
932, 928
932, 929
932, 930
933, 928
933, 929
933, 930
933, 931
934, 941
935, 941
936, 937
937, 936
937, 941
938, 940
938, 941
939, 940
939, 941
940, 938
940, 939
940, 941
941, 934
941, 935
941, 937
941, 938
941, 939
941, 940
942, 948
943, 948
944, 946
945, 947
945, 948
946, 944
946, 947
947, 945
947, 946
947, 948
948, 942
948, 943
948, 945
948, 947
949, 955
950, 953
950, 955
951, 954
951, 955
952, 953
952, 954
953, 950
953, 952
954, 951
954, 952
955, 949
955, 950
955, 951
956, 960
956, 961
957, 959
957, 960
957, 961
958, 959
958, 960
958, 961
959, 957
959, 958
959, 961
960, 956
960, 957
960, 958
960, 961
961, 956
961, 957
961, 958
961, 959
961, 960
962, 963
962, 967
963, 962
963, 966
963, 967
964, 965
964, 966
964, 967
965, 964
965, 966
965, 967
966, 963
966, 964
966, 965
966, 967
967, 962
967, 963
967, 964
967, 965
967, 966
968, 973
969, 970
969, 971
970, 969
970, 972
970, 973
971, 969
971, 972
971, 973
972, 970
972, 971
972, 973
973, 968
973, 970
973, 971
973, 972
974, 981
975, 981
976, 980
976, 981
977, 980
977, 981
978, 979
978, 981
979, 978
979, 980
979, 981
980, 976
980, 977
980, 979
981, 974
981, 975
981, 976
981, 977
981, 978
981, 979
982, 989
983, 988
983, 989
984, 988
984, 989
985, 986
985, 989
986, 985
986, 987
987, 986
987, 988
988, 983
988, 984
988, 987
989, 982
989, 983
989, 984
989, 985
990, 994
991, 994
991, 995
991, 996
992, 994
992, 995
992, 996
993, 994
993, 995
993, 996
994, 990
994, 991
994, 992
994, 993
995, 991
995, 992
995, 993
995, 996
996, 991
996, 992
996, 993
996, 995
997, 1003
998, 1003
999, 1001
999, 1002
999, 1003
1000, 1001
1000, 1002
1000, 1003
1001, 999
1001, 1000
1001, 1002
1002, 999
1002, 1000
1002, 1001
1002, 1003
1003, 997
1003, 998
1003, 999
1003, 1000
1003, 1002
1004, 1011
1005, 1009
1006, 1010
1006, 1011
1007, 1010
1007, 1011
1008, 1009
1008, 1011
1009, 1005
1009, 1008
1009, 1011
1010, 1006
1010, 1007
1010, 1011
1011, 1004
1011, 1006
1011, 1007
1011, 1008
1011, 1009
1011, 1010
1012, 1019
1013, 1017
1013, 1018
1014, 1018
1014, 1019
1015, 1018
1015, 1019
1016, 1018
1016, 1019
1017, 1013
1017, 1018
1017, 1019
1018, 1013
1018, 1014
1018, 1015
1018, 1016
1018, 1017
1019, 1012
1019, 1014
1019, 1015
1019, 1016
1019, 1017
1020, 1021
1020, 1022
1021, 1020
1021, 1023
1021, 1024
1021, 1025
1022, 1020
1022, 1023
1022, 1024
1022, 1025
1023, 1021
1023, 1022
1023, 1024
1023, 1025
1024, 1021
1024, 1022
1024, 1023
1024, 1025
1025, 1021
1025, 1022
1025, 1023
1025, 1024
1026, 1033
1027, 1033
1028, 1032
1028, 1033
1029, 1030
1029, 1033
1030, 1029
1030, 1031
1031, 1030
1031, 1032
1032, 1028
1032, 1031
1032, 1033
1033, 1026
1033, 1027
1033, 1028
1033, 1029
1033, 1032
1034, 1040
1035, 1039
1035, 1040
1036, 1039
1036, 1040
1037, 1038
1037, 1040
1038, 1037
1038, 1040
1039, 1035
1039, 1036
1039, 1040
1040, 1034
1040, 1035
1040, 1036
1040, 1037
1040, 1038
1040, 1039
1041, 1047
1042, 1046
1042, 1047
1043, 1046
1043, 1047
1044, 1046
1044, 1047
1045, 1046
1045, 1047
1046, 1042
1046, 1043
1046, 1044
1046, 1045
1047, 1041
1047, 1042
1047, 1043
1047, 1044
1047, 1045
1048, 1055
1049, 1055
1050, 1054
1050, 1055
1051, 1054
1051, 1055
1052, 1053
1052, 1054
1053, 1052
1053, 1054
1053, 1055
1054, 1050
1054, 1051
1054, 1052
1054, 1053
1055, 1048
1055, 1049
1055, 1050
1055, 1051
1055, 1053
1056, 1062
1057, 1062
1058, 1063
1059, 1063
1060, 1061
1060, 1062
1061, 1060
1061, 1063
1062, 1056
1062, 1057
1062, 1060
1062, 1063
1063, 1058
1063, 1059
1063, 1061
1063, 1062
1064, 1069
1065, 1070
1066, 1069
1066, 1070
1067, 1068
1067, 1069
1067, 1070
1068, 1067
1068, 1069
1068, 1070
1069, 1064
1069, 1066
1069, 1067
1069, 1068
1069, 1070
1070, 1065
1070, 1066
1070, 1067
1070, 1068
1070, 1069
1071, 1077
1072, 1075
1073, 1076
1073, 1077
1074, 1075
1074, 1076
1075, 1072
1075, 1074
1076, 1073
1076, 1074
1076, 1077
1077, 1071
1077, 1073
1077, 1076
1078, 1082
1079, 1083
1080, 1082
1080, 1083
1081, 1082
1081, 1083
1082, 1078
1082, 1080
1082, 1081
1083, 1079
1083, 1080
1083, 1081
1084, 1091
1085, 1091
1086, 1091
1087, 1091
1088, 1091
1089, 1090
1090, 1089
1090, 1091
1091, 1084
1091, 1085
1091, 1086
1091, 1087
1091, 1088
1091, 1090
1092, 1096
1093, 1097
1094, 1097
1095, 1096
1096, 1092
1096, 1095
1096, 1097
1097, 1093
1097, 1094
1097, 1096
1098, 1104
1099, 1102
1099, 1103
1100, 1103
1100, 1104
1101, 1103
1101, 1104
1102, 1099
1102, 1103
1102, 1104
1103, 1099
1103, 1100
1103, 1101
1103, 1102
1103, 1104
1104, 1098
1104, 1100
1104, 1101
1104, 1102
1104, 1103
1105, 1110
1106, 1111
1107, 1109
1107, 1110
1107, 1111
1108, 1109
1108, 1110
1108, 1111
1109, 1107
1109, 1108
1109, 1110
1109, 1111
1110, 1105
1110, 1107
1110, 1108
1110, 1109
1110, 1111
1111, 1106
1111, 1107
1111, 1108
1111, 1109
1111, 1110
1112, 1119
1113, 1119
1114, 1119
1115, 1117
1115, 1119
1116, 1118
1116, 1119
1117, 1115
1117, 1118
1117, 1119
1118, 1116
1118, 1117
1118, 1119
1119, 1112
1119, 1113
1119, 1114
1119, 1115
1119, 1116
1119, 1117
1119, 1118
1120, 1121
1121, 1120
1121, 1125
1122, 1123
1122, 1124
1122, 1125
1123, 1122
1123, 1124
1123, 1125
1124, 1122
1124, 1123
1124, 1125
1125, 1121
1125, 1122
1125, 1123
1125, 1124
1126, 1132
1127, 1130
1127, 1132
1128, 1131
1128, 1132
1129, 1130
1129, 1131
1129, 1132
1130, 1127
1130, 1129
1130, 1131
1131, 1128
1131, 1129
1131, 1130
1132, 1126
1132, 1127
1132, 1128
1132, 1129
1133, 1139
1134, 1139
1135, 1139
1136, 1137
1136, 1138
1137, 1136
1137, 1138
1138, 1136
1138, 1137
1138, 1139
1139, 1133
1139, 1134
1139, 1135
1139, 1138
1140, 1141
1140, 1142
1141, 1140
1141, 1143
1142, 1140
1142, 1143
1143, 1141
1143, 1142
1144, 1148
1145, 1146
1146, 1145
1146, 1149
1147, 1148
1147, 1149
1148, 1144
1148, 1147
1148, 1149
1149, 1146
1149, 1147
1149, 1148
1150, 1155
1150, 1157
1151, 1156
1151, 1157
1152, 1156
1152, 1157
1153, 1156
1153, 1157
1154, 1156
1154, 1157
1155, 1150
1155, 1156
1155, 1157
1156, 1151
1156, 1152
1156, 1153
1156, 1154
1156, 1155
1156, 1157
1157, 1150
1157, 1151
1157, 1152
1157, 1153
1157, 1154
1157, 1155
1157, 1156
1158, 1163
1159, 1164
1160, 1163
1160, 1164
1161, 1162
1161, 1163
1161, 1164
1162, 1161
1162, 1163
1162, 1164
1163, 1158
1163, 1160
1163, 1161
1163, 1162
1164, 1159
1164, 1160
1164, 1161
1164, 1162
1165, 1171
1166, 1171
1167, 1169
1167, 1170
1168, 1169
1168, 1170
1169, 1167
1169, 1168
1170, 1167
1170, 1168
1170, 1171
1171, 1165
1171, 1166
1171, 1170
1172, 1178
1173, 1176
1173, 1177
1173, 1178
1174, 1176
1174, 1177
1174, 1178
1175, 1176
1175, 1177
1175, 1178
1176, 1173
1176, 1174
1176, 1175
1177, 1173
1177, 1174
1177, 1175
1177, 1178
1178, 1172
1178, 1173
1178, 1174
1178, 1175
1178, 1177
1179, 1183
1179, 1185
1180, 1184
1180, 1185
1181, 1184
1181, 1185
1182, 1184
1182, 1185
1183, 1179
1183, 1184
1183, 1185
1184, 1180
1184, 1181
1184, 1182
1184, 1183
1185, 1179
1185, 1180
1185, 1181
1185, 1182
1185, 1183
1186, 1193
1187, 1193
1188, 1193
1189, 1193
1190, 1191
1190, 1192
1191, 1190
1191, 1192
1191, 1193
1192, 1190
1192, 1191
1192, 1193
1193, 1186
1193, 1187
1193, 1188
1193, 1189
1193, 1191
1193, 1192
1194, 1196
1194, 1198
1194, 1199
1195, 1197
1195, 1198
1195, 1199
1196, 1194
1196, 1197
1196, 1198
1196, 1199
1197, 1195
1197, 1196
1197, 1198
1197, 1199
1198, 1194
1198, 1195
1198, 1196
1198, 1197
1198, 1199
1199, 1194
1199, 1195
1199, 1196
1199, 1197
1199, 1198
1200, 1207
1201, 1205
1202, 1206
1202, 1207
1203, 1206
1203, 1207
1204, 1206
1204, 1207
1205, 1201
1205, 1206
1206, 1202
1206, 1203
1206, 1204
1206, 1205
1207, 1200
1207, 1202
1207, 1203
1207, 1204
1208, 1213
1209, 1214
1209, 1215
1210, 1214
1210, 1215
1211, 1214
1211, 1215
1212, 1214
1212, 1215
1213, 1208
1213, 1214
1213, 1215
1214, 1209
1214, 1210
1214, 1211
1214, 1212
1214, 1213
1215, 1209
1215, 1210
1215, 1211
1215, 1212
1215, 1213
1216, 1221
1216, 1222
1217, 1221
1217, 1222
1218, 1221
1218, 1222
1219, 1220
1219, 1222
1220, 1219
1220, 1222
1221, 1216
1221, 1217
1221, 1218
1221, 1222
1222, 1216
1222, 1217
1222, 1218
1222, 1219
1222, 1220
1222, 1221
1223, 1230
1224, 1230
1225, 1229
1226, 1228
1226, 1229
1226, 1230
1227, 1228
1227, 1229
1227, 1230
1228, 1226
1228, 1227
1228, 1230
1229, 1225
1229, 1226
1229, 1227
1230, 1223
1230, 1224
1230, 1226
1230, 1227
1230, 1228
1231, 1232
1231, 1235
1232, 1231
1232, 1236
1233, 1234
1233, 1235
1233, 1236
1234, 1233
1234, 1235
1234, 1236
1235, 1231
1235, 1233
1235, 1234
1236, 1232
1236, 1233
1236, 1234
1237, 1244
1238, 1243
1239, 1243
1239, 1244
1240, 1243
1240, 1244
1241, 1242
1241, 1244
1242, 1241
1242, 1244
1243, 1238
1243, 1239
1243, 1240
1243, 1244
1244, 1237
1244, 1239
1244, 1240
1244, 1241
1244, 1242
1244, 1243
1245, 1249
1245, 1250
1246, 1249
1246, 1250
1247, 1248
1247, 1250
1248, 1247
1248, 1250
1249, 1245
1249, 1246
1250, 1245
1250, 1246
1250, 1247
1250, 1248
1251, 1256
1252, 1257
1253, 1256
1253, 1257
1254, 1256
1254, 1257
1255, 1256
1255, 1257
1256, 1251
1256, 1253
1256, 1254
1256, 1255
1257, 1252
1257, 1253
1257, 1254
1257, 1255
1258, 1264
1258, 1265
1259, 1264
1259, 1265
1260, 1264
1260, 1265
1261, 1264
1261, 1265
1262, 1264
1262, 1265
1263, 1264
1263, 1265
1264, 1258
1264, 1259
1264, 1260
1264, 1261
1264, 1262
1264, 1263
1265, 1258
1265, 1259
1265, 1260
1265, 1261
1265, 1262
1265, 1263
1266, 1273
1267, 1273
1268, 1272
1268, 1273
1269, 1271
1269, 1272
1270, 1271
1270, 1272
1271, 1269
1271, 1270
1271, 1273
1272, 1268
1272, 1269
1272, 1270
1272, 1273
1273, 1266
1273, 1267
1273, 1268
1273, 1271
1273, 1272
1274, 1280
1275, 1280
1276, 1280
1277, 1280
1278, 1279
1279, 1278
1279, 1280
1280, 1274
1280, 1275
1280, 1276
1280, 1277
1280, 1279
1281, 1288
1282, 1288
1283, 1287
1283, 1288
1284, 1287
1284, 1288
1285, 1286
1285, 1288
1286, 1285
1286, 1288
1287, 1283
1287, 1284
1287, 1288
1288, 1281
1288, 1282
1288, 1283
1288, 1284
1288, 1285
1288, 1286
1288, 1287
1289, 1290
1289, 1293
1290, 1289
1290, 1294
1291, 1293
1291, 1294
1292, 1293
1292, 1294
1293, 1289
1293, 1291
1293, 1292
1293, 1294
1294, 1290
1294, 1291
1294, 1292
1294, 1293
1295, 1301
1296, 1301
1297, 1299
1297, 1301
1298, 1300
1298, 1301
1299, 1297
1299, 1300
1299, 1301
1300, 1298
1300, 1299
1300, 1301
1301, 1295
1301, 1296
1301, 1297
1301, 1298
1301, 1299
1301, 1300
1302, 1306
1303, 1307
1303, 1308
1304, 1306
1304, 1307
1304, 1308
1305, 1306
1305, 1307
1305, 1308
1306, 1302
1306, 1304
1306, 1305
1306, 1308
1307, 1303
1307, 1304
1307, 1305
1307, 1308
1308, 1303
1308, 1304
1308, 1305
1308, 1306
1308, 1307
1309, 1314
1310, 1315
1311, 1314
1311, 1315
1312, 1314
1312, 1315
1313, 1314
1313, 1315
1314, 1309
1314, 1311
1314, 1312
1314, 1313
1314, 1315
1315, 1310
1315, 1311
1315, 1312
1315, 1313
1315, 1314
1316, 1321
1316, 1322
1317, 1321
1317, 1322
1318, 1321
1318, 1322
1319, 1321
1319, 1322
1320, 1321
1320, 1322
1321, 1316
1321, 1317
1321, 1318
1321, 1319
1321, 1320
1322, 1316
1322, 1317
1322, 1318
1322, 1319
1322, 1320
1323, 1325
1323, 1328
1324, 1326
1324, 1327
1324, 1328
1325, 1323
1325, 1326
1325, 1327
1325, 1328
1326, 1324
1326, 1325
1326, 1327
1326, 1328
1327, 1324
1327, 1325
1327, 1326
1327, 1328
1328, 1323
1328, 1324
1328, 1325
1328, 1326
1328, 1327
1329, 1334
1330, 1335
1331, 1336
1332, 1335
1332, 1336
1333, 1335
1333, 1336
1334, 1329
1334, 1335
1334, 1336
1335, 1330
1335, 1332
1335, 1333
1335, 1334
1335, 1336
1336, 1331
1336, 1332
1336, 1333
1336, 1334
1336, 1335
1337, 1344
1338, 1344
1339, 1343
1340, 1343
1340, 1344
1341, 1343
1341, 1344
1342, 1343
1342, 1344
1343, 1339
1343, 1340
1343, 1341
1343, 1342
1343, 1344
1344, 1337
1344, 1338
1344, 1340
1344, 1341
1344, 1342
1344, 1343
1345, 1348
1345, 1349
1346, 1348
1346, 1349
1347, 1348
1347, 1349
1348, 1345
1348, 1346
1348, 1347
1348, 1349
1349, 1345
1349, 1346
1349, 1347
1349, 1348
1350, 1357
1351, 1357
1352, 1357
1353, 1356
1354, 1355
1354, 1356
1354, 1357
1355, 1354
1355, 1356
1355, 1357
1356, 1353
1356, 1354
1356, 1355
1357, 1350
1357, 1351
1357, 1352
1357, 1354
1357, 1355
1358, 1361
1359, 1362
1359, 1363
1360, 1362
1360, 1363
1361, 1358
1361, 1362
1361, 1363
1362, 1359
1362, 1360
1362, 1361
1363, 1359
1363, 1360
1363, 1361
1364, 1369
1365, 1370
1366, 1367
1366, 1369
1367, 1366
1367, 1370
1368, 1369
1368, 1370
1369, 1364
1369, 1366
1369, 1368
1370, 1365
1370, 1367
1370, 1368
1371, 1378
1372, 1376
1372, 1378
1373, 1377
1373, 1378
1374, 1377
1374, 1378
1375, 1377
1375, 1378
1376, 1372
1376, 1377
1377, 1373
1377, 1374
1377, 1375
1377, 1376
1377, 1378
1378, 1371
1378, 1372
1378, 1373
1378, 1374
1378, 1375
1378, 1377
1379, 1385
1379, 1386
1380, 1385
1380, 1386
1381, 1385
1381, 1386
1382, 1385
1382, 1386
1383, 1384
1383, 1385
1383, 1386
1384, 1383
1384, 1385
1384, 1386
1385, 1379
1385, 1380
1385, 1381
1385, 1382
1385, 1383
1385, 1384
1386, 1379
1386, 1380
1386, 1381
1386, 1382
1386, 1383
1386, 1384
1387, 1392
1388, 1391
1388, 1392
1389, 1391
1389, 1392
1390, 1391
1390, 1392
1391, 1388
1391, 1389
1391, 1390
1392, 1387
1392, 1388
1392, 1389
1392, 1390
1393, 1396
1394, 1396
1394, 1398
1395, 1397
1395, 1398
1396, 1393
1396, 1394
1396, 1397
1397, 1395
1397, 1396
1397, 1398
1398, 1394
1398, 1395
1398, 1397
1399, 1406
1400, 1406
1401, 1404
1402, 1405
1403, 1404
1403, 1405
1403, 1406
1404, 1401
1404, 1403
1404, 1406
1405, 1402
1405, 1403
1405, 1406
1406, 1399
1406, 1400
1406, 1403
1406, 1404
1406, 1405
1407, 1413
1408, 1413
1409, 1412
1409, 1413
1410, 1411
1410, 1412
1411, 1410
1411, 1412
1412, 1409
1412, 1410
1412, 1411
1412, 1413
1413, 1407
1413, 1408
1413, 1409
1413, 1412
1414, 1421
1415, 1421
1416, 1421
1417, 1420
1418, 1419
1418, 1420
1419, 1418
1419, 1420
1419, 1421
1420, 1417
1420, 1418
1420, 1419
1420, 1421
1421, 1414
1421, 1415
1421, 1416
1421, 1419
1421, 1420
1422, 1425
1423, 1426
1423, 1427
1424, 1425
1424, 1426
1424, 1427
1425, 1422
1425, 1424
1425, 1426
1425, 1427
1426, 1423
1426, 1424
1426, 1425
1426, 1427
1427, 1423
1427, 1424
1427, 1425
1427, 1426
1428, 1430
1428, 1431
1429, 1432
1429, 1433
1430, 1428
1430, 1431
1430, 1432
1431, 1428
1431, 1430
1431, 1433
1432, 1429
1432, 1430
1432, 1433
1433, 1429
1433, 1431
1433, 1432
1434, 1440
1435, 1440
1436, 1438
1437, 1439
1437, 1440
1438, 1436
1438, 1439
1439, 1437
1439, 1438
1440, 1434
1440, 1435
1440, 1437
1441, 1448
1442, 1448
1443, 1445
1444, 1446
1444, 1448
1445, 1443
1445, 1447
1445, 1448
1446, 1444
1446, 1447
1446, 1448
1447, 1445
1447, 1446
1447, 1448
1448, 1441
1448, 1442
1448, 1444
1448, 1445
1448, 1446
1448, 1447
1449, 1456
1450, 1456
1451, 1456
1452, 1455
1453, 1455
1453, 1456
1454, 1455
1454, 1456
1455, 1452
1455, 1453
1455, 1454
1455, 1456
1456, 1449
1456, 1450
1456, 1451
1456, 1453
1456, 1454
1456, 1455
1457, 1463
1458, 1464
1459, 1464
1460, 1463
1461, 1463
1461, 1464
1462, 1463
1462, 1464
1463, 1457
1463, 1460
1463, 1461
1463, 1462
1464, 1458
1464, 1459
1464, 1461
1464, 1462
1465, 1466
1465, 1467
1465, 1468
1465, 1469
1466, 1465
1466, 1467
1466, 1468
1466, 1469
1467, 1465
1467, 1466
1467, 1468
1467, 1469
1468, 1465
1468, 1466
1468, 1467
1468, 1469
1469, 1465
1469, 1466
1469, 1467
1469, 1468
1470, 1474
1471, 1474
1471, 1476
1472, 1475
1472, 1476
1473, 1474
1473, 1475
1473, 1476
1474, 1470
1474, 1471
1474, 1473
1474, 1475
1475, 1472
1475, 1473
1475, 1474
1475, 1476
1476, 1471
1476, 1472
1476, 1473
1476, 1475
1477, 1484
1478, 1484
1479, 1484
1480, 1481
1481, 1480
1481, 1484
1482, 1483
1482, 1484
1483, 1482
1483, 1484
1484, 1477
1484, 1478
1484, 1479
1484, 1481
1484, 1482
1484, 1483
1485, 1489
1486, 1489
1487, 1488
1488, 1487
1488, 1489
1489, 1485
1489, 1486
1489, 1488
1490, 1495
1491, 1496
1492, 1493
1492, 1494
1493, 1492
1493, 1495
1493, 1496
1494, 1492
1494, 1495
1494, 1496
1495, 1490
1495, 1493
1495, 1494
1496, 1491
1496, 1493
1496, 1494
1497, 1501
1498, 1501
1498, 1503
1499, 1502
1499, 1503
1500, 1502
1500, 1503
1501, 1497
1501, 1498
1501, 1502
1502, 1499
1502, 1500
1502, 1501
1502, 1503
1503, 1498
1503, 1499
1503, 1500
1503, 1502
1504, 1511
1505, 1511
1506, 1511
1507, 1510
1508, 1510
1509, 1510
1509, 1511
1510, 1507
1510, 1508
1510, 1509
1510, 1511
1511, 1504
1511, 1505
1511, 1506
1511, 1509
1511, 1510
1512, 1516
1513, 1514
1513, 1515
1513, 1516
1514, 1513
1514, 1515
1514, 1516
1515, 1513
1515, 1514
1515, 1516
1516, 1512
1516, 1513
1516, 1514
1516, 1515
1517, 1518
1518, 1517
1518, 1521
1519, 1522
1519, 1523
1520, 1522
1520, 1523
1521, 1518
1521, 1522
1521, 1523
1522, 1519
1522, 1520
1522, 1521
1522, 1523
1523, 1519
1523, 1520
1523, 1521
1523, 1522
1524, 1531
1525, 1530
1526, 1530
1527, 1530
1528, 1529
1528, 1531
1529, 1528
1529, 1531
1530, 1525
1530, 1526
1530, 1527
1530, 1531
1531, 1524
1531, 1528
1531, 1529
1531, 1530
1532, 1539
1533, 1539
1534, 1538
1534, 1539
1535, 1538
1535, 1539
1536, 1537
1536, 1538
1537, 1536
1537, 1538
1538, 1534
1538, 1535
1538, 1536
1538, 1537
1539, 1532
1539, 1533
1539, 1534
1539, 1535
1540, 1547
1541, 1547
1542, 1547
1543, 1544
1543, 1547
1544, 1543
1544, 1547
1545, 1546
1545, 1547
1546, 1545
1546, 1547
1547, 1540
1547, 1541
1547, 1542
1547, 1543
1547, 1544
1547, 1545
1547, 1546
1548, 1555
1549, 1555
1550, 1555
1551, 1553
1551, 1555
1552, 1554
1552, 1555
1553, 1551
1553, 1554
1554, 1552
1554, 1553
1555, 1548
1555, 1549
1555, 1550
1555, 1551
1555, 1552
1556, 1562
1557, 1563
1558, 1563
1559, 1562
1560, 1561
1560, 1562
1560, 1563
1561, 1560
1561, 1562
1561, 1563
1562, 1556
1562, 1559
1562, 1560
1562, 1561
1563, 1557
1563, 1558
1563, 1560
1563, 1561
1564, 1571
1565, 1571
1566, 1570
1567, 1570
1567, 1571
1568, 1569
1568, 1570
1568, 1571
1569, 1568
1569, 1570
1569, 1571
1570, 1566
1570, 1567
1570, 1568
1570, 1569
1570, 1571
1571, 1564
1571, 1565
1571, 1567
1571, 1568
1571, 1569
1571, 1570
1572, 1575
1572, 1578
1573, 1577
1573, 1578
1574, 1577
1574, 1578
1575, 1572
1575, 1576
1576, 1575
1576, 1577
1576, 1578
1577, 1573
1577, 1574
1577, 1576
1577, 1578
1578, 1572
1578, 1573
1578, 1574
1578, 1576
1578, 1577
1579, 1586
1580, 1586
1581, 1583
1582, 1585
1582, 1586
1583, 1581
1583, 1584
1584, 1583
1584, 1585
1584, 1586
1585, 1582
1585, 1584
1585, 1586
1586, 1579
1586, 1580
1586, 1582
1586, 1584
1586, 1585
1587, 1588
1587, 1589
1588, 1587
1588, 1590
1588, 1592
1589, 1587
1589, 1591
1589, 1592
1590, 1588
1590, 1591
1590, 1592
1591, 1589
1591, 1590
1591, 1592
1592, 1588
1592, 1589
1592, 1590
1592, 1591
1593, 1599
1594, 1599
1595, 1598
1595, 1599
1596, 1598
1596, 1599
1597, 1598
1597, 1599
1598, 1595
1598, 1596
1598, 1597
1599, 1593
1599, 1594
1599, 1595
1599, 1596
1599, 1597
1600, 1606
1601, 1604
1601, 1606
1602, 1605
1602, 1606
1603, 1604
1603, 1605
1604, 1601
1604, 1603
1604, 1606
1605, 1602
1605, 1603
1605, 1606
1606, 1600
1606, 1601
1606, 1602
1606, 1604
1606, 1605
1607, 1608
1607, 1610
1608, 1607
1608, 1611
1608, 1612
1609, 1610
1609, 1611
1609, 1612
1610, 1607
1610, 1609
1610, 1611
1610, 1612
1611, 1608
1611, 1609
1611, 1610
1611, 1612
1612, 1608
1612, 1609
1612, 1610
1612, 1611
1613, 1619
1614, 1617
1615, 1618
1615, 1619
1616, 1618
1616, 1619
1617, 1614
1617, 1618
1617, 1619
1618, 1615
1618, 1616
1618, 1617
1618, 1619
1619, 1613
1619, 1615
1619, 1616
1619, 1617
1619, 1618
1620, 1626
1621, 1625
1621, 1626
1622, 1623
1622, 1624
1623, 1622
1623, 1625
1623, 1626
1624, 1622
1624, 1625
1624, 1626
1625, 1621
1625, 1623
1625, 1624
1626, 1620
1626, 1621
1626, 1623
1626, 1624
1627, 1631
1628, 1632
1629, 1631
1629, 1632
1630, 1631
1630, 1632
1631, 1627
1631, 1629
1631, 1630
1631, 1632
1632, 1628
1632, 1629
1632, 1630
1632, 1631
1633, 1640
1634, 1640
1635, 1639
1635, 1640
1636, 1637
1636, 1639
1637, 1636
1637, 1638
1637, 1640
1638, 1637
1638, 1639
1638, 1640
1639, 1635
1639, 1636
1639, 1638
1639, 1640
1640, 1633
1640, 1634
1640, 1635
1640, 1637
1640, 1638
1640, 1639
1641, 1648
1642, 1646
1643, 1647
1644, 1646
1644, 1648
1645, 1647
1645, 1648
1646, 1642
1646, 1644
1646, 1648
1647, 1643
1647, 1645
1647, 1648
1648, 1641
1648, 1644
1648, 1645
1648, 1646
1648, 1647
1649, 1654
1650, 1652
1651, 1654
1651, 1655
1652, 1650
1652, 1653
1652, 1655
1653, 1652
1653, 1654
1653, 1655
1654, 1649
1654, 1651
1654, 1653
1654, 1655
1655, 1651
1655, 1652
1655, 1653
1655, 1654
1656, 1661
1657, 1658
1657, 1659
1657, 1661
1658, 1657
1658, 1660
1658, 1661
1659, 1657
1659, 1660
1659, 1661
1660, 1658
1660, 1659
1660, 1661
1661, 1656
1661, 1657
1661, 1658
1661, 1659
1661, 1660
1662, 1663
1662, 1664
1663, 1662
1663, 1665
1663, 1666
1664, 1662
1664, 1665
1664, 1666
1665, 1663
1665, 1664
1665, 1666
1666, 1663
1666, 1664
1666, 1665
1667, 1671
1667, 1673
1668, 1672
1668, 1673
1669, 1672
1669, 1673
1670, 1671
1670, 1673
1671, 1667
1671, 1670
1672, 1668
1672, 1669
1673, 1667
1673, 1668
1673, 1669
1673, 1670
1674, 1676
1675, 1676
1676, 1674
1676, 1675
1677, 1684
1678, 1683
1679, 1683
1679, 1684
1680, 1683
1680, 1684
1681, 1682
1681, 1684
1682, 1681
1682, 1684
1683, 1678
1683, 1679
1683, 1680
1684, 1677
1684, 1679
1684, 1680
1684, 1681
1684, 1682
1685, 1689
1686, 1689
1686, 1690
1687, 1688
1687, 1690
1688, 1687
1688, 1690
1689, 1685
1689, 1686
1689, 1690
1690, 1686
1690, 1687
1690, 1688
1690, 1689
1691, 1698
1692, 1698
1693, 1697
1693, 1698
1694, 1696
1694, 1697
1694, 1698
1695, 1696
1695, 1697
1695, 1698
1696, 1694
1696, 1695
1696, 1698
1697, 1693
1697, 1694
1697, 1695
1697, 1698
1698, 1691
1698, 1692
1698, 1693
1698, 1694
1698, 1695
1698, 1696
1698, 1697
1699, 1700
1699, 1701
1700, 1699
1700, 1703
1701, 1699
1701, 1704
1702, 1703
1702, 1704
1703, 1700
1703, 1702
1704, 1701
1704, 1702
1705, 1711
1706, 1711
1707, 1711
1708, 1710
1708, 1711
1709, 1710
1709, 1711
1710, 1708
1710, 1709
1710, 1711
1711, 1705
1711, 1706
1711, 1707
1711, 1708
1711, 1709
1711, 1710
1712, 1719
1713, 1719
1714, 1719
1715, 1717
1716, 1718
1716, 1719
1717, 1715
1717, 1718
1718, 1716
1718, 1717
1719, 1712
1719, 1713
1719, 1714
1719, 1716
1720, 1727
1721, 1727
1722, 1725
1723, 1726
1723, 1727
1724, 1726
1724, 1727
1725, 1722
1725, 1726
1725, 1727
1726, 1723
1726, 1724
1726, 1725
1727, 1720
1727, 1721
1727, 1723
1727, 1724
1727, 1725
1728, 1735
1729, 1735
1730, 1735
1731, 1733
1732, 1734
1732, 1735
1733, 1731
1733, 1734
1733, 1735
1734, 1732
1734, 1733
1734, 1735
1735, 1728
1735, 1729
1735, 1730
1735, 1732
1735, 1733
1735, 1734
1736, 1737
1736, 1740
1737, 1736
1737, 1741
1738, 1740
1738, 1741
1739, 1740
1739, 1741
1740, 1736
1740, 1738
1740, 1739
1741, 1737
1741, 1738
1741, 1739
1742, 1747
1743, 1745
1743, 1747
1744, 1746
1744, 1747
1745, 1743
1745, 1746
1746, 1744
1746, 1745
1746, 1747
1747, 1742
1747, 1743
1747, 1744
1747, 1746
1748, 1750
1748, 1752
1749, 1751
1749, 1753
1750, 1748
1750, 1752
1750, 1753
1751, 1749
1751, 1752
1751, 1753
1752, 1748
1752, 1750
1752, 1751
1752, 1753
1753, 1749
1753, 1750
1753, 1751
1753, 1752
1754, 1759
1755, 1760
1756, 1760
1757, 1759
1758, 1759
1758, 1760
1759, 1754
1759, 1757
1759, 1758
1760, 1755
1760, 1756
1760, 1758
1761, 1766
1762, 1766
1762, 1767
1763, 1766
1763, 1767
1764, 1765
1764, 1767
1765, 1764
1765, 1767
1766, 1761
1766, 1762
1766, 1763
1766, 1767
1767, 1762
1767, 1763
1767, 1764
1767, 1765
1767, 1766
1768, 1773
1769, 1774
1770, 1775
1771, 1774
1771, 1775
1772, 1774
1772, 1775
1773, 1768
1773, 1774
1773, 1775
1774, 1769
1774, 1771
1774, 1772
1774, 1773
1775, 1770
1775, 1771
1775, 1772
1775, 1773
1776, 1782
1777, 1778
1777, 1781
1778, 1777
1778, 1779
1778, 1780
1779, 1778
1779, 1781
1779, 1782
1780, 1778
1780, 1781
1780, 1782
1781, 1777
1781, 1779
1781, 1780
1781, 1782
1782, 1776
1782, 1779
1782, 1780
1782, 1781
1783, 1789
1784, 1789
1785, 1788
1785, 1789
1786, 1787
1786, 1788
1787, 1786
1787, 1788
1788, 1785
1788, 1786
1788, 1787
1789, 1783
1789, 1784
1789, 1785
1790, 1796
1791, 1795
1791, 1796
1792, 1794
1792, 1795
1792, 1796
1793, 1794
1793, 1795
1793, 1796
1794, 1792
1794, 1793
1794, 1795
1794, 1796
1795, 1791
1795, 1792
1795, 1793
1795, 1794
1795, 1796
1796, 1790
1796, 1791
1796, 1792
1796, 1793
1796, 1794
1796, 1795
1797, 1804
1798, 1803
1799, 1802
1799, 1804
1800, 1803
1800, 1804
1801, 1803
1801, 1804
1802, 1799
1802, 1803
1802, 1804
1803, 1798
1803, 1800
1803, 1801
1803, 1802
1803, 1804
1804, 1797
1804, 1799
1804, 1800
1804, 1801
1804, 1802
1804, 1803
1805, 1810
1806, 1811
1806, 1812
1807, 1811
1807, 1812
1808, 1811
1808, 1812
1809, 1811
1809, 1812
1810, 1805
1810, 1811
1810, 1812
1811, 1806
1811, 1807
1811, 1808
1811, 1809
1811, 1810
1811, 1812
1812, 1806
1812, 1807
1812, 1808
1812, 1809
1812, 1810
1812, 1811
1813, 1819
1814, 1817
1814, 1819
1815, 1818
1815, 1819
1816, 1817
1816, 1818
1816, 1819
1817, 1814
1817, 1816
1817, 1818
1817, 1819
1818, 1815
1818, 1816
1818, 1817
1818, 1819
1819, 1813
1819, 1814
1819, 1815
1819, 1816
1819, 1817
1819, 1818
1820, 1825
1820, 1826
1821, 1825
1821, 1826
1822, 1825
1822, 1826
1823, 1825
1823, 1826
1824, 1825
1824, 1826
1825, 1820
1825, 1821
1825, 1822
1825, 1823
1825, 1824
1825, 1826
1826, 1820
1826, 1821
1826, 1822
1826, 1823
1826, 1824
1826, 1825
1827, 1830
1827, 1832
1828, 1831
1828, 1832
1829, 1830
1829, 1831
1829, 1832
1830, 1827
1830, 1829
1830, 1832
1831, 1828
1831, 1829
1831, 1832
1832, 1827
1832, 1828
1832, 1829
1832, 1830
1832, 1831
1833, 1839
1834, 1838
1834, 1839
1835, 1838
1835, 1839
1836, 1837
1836, 1839
1837, 1836
1837, 1838
1837, 1839
1838, 1834
1838, 1835
1838, 1837
1839, 1833
1839, 1834
1839, 1835
1839, 1836
1839, 1837
1840, 1847
1841, 1846
1841, 1847
1842, 1846
1842, 1847
1843, 1846
1843, 1847
1844, 1846
1844, 1847
1845, 1846
1845, 1847
1846, 1841
1846, 1842
1846, 1843
1846, 1844
1846, 1845
1847, 1840
1847, 1841
1847, 1842
1847, 1843
1847, 1844
1847, 1845
1848, 1854
1849, 1854
1850, 1851
1850, 1853
1851, 1850
1851, 1852
1851, 1853
1852, 1851
1852, 1853
1852, 1854
1853, 1850
1853, 1851
1853, 1852
1853, 1854
1854, 1848
1854, 1849
1854, 1852
1854, 1853
1855, 1861
1856, 1861
1856, 1862
1857, 1861
1857, 1862
1858, 1861
1858, 1862
1859, 1860
1859, 1862
1860, 1859
1860, 1862
1861, 1855
1861, 1856
1861, 1857
1861, 1858
1861, 1862
1862, 1856
1862, 1857
1862, 1858
1862, 1859
1862, 1860
1862, 1861
1863, 1869
1864, 1869
1865, 1866
1865, 1869
1866, 1865
1866, 1869
1867, 1868
1867, 1869
1868, 1867
1868, 1869
1869, 1863
1869, 1864
1869, 1865
1869, 1866
1869, 1867
1869, 1868
1870, 1877
1871, 1877
1872, 1876
1873, 1876
1874, 1875
1874, 1877
1875, 1874
1875, 1876
1875, 1877
1876, 1872
1876, 1873
1876, 1875
1876, 1877
1877, 1870
1877, 1871
1877, 1874
1877, 1875
1877, 1876
1878, 1879
1879, 1878
1879, 1885
1880, 1884
1880, 1885
1881, 1884
1881, 1885
1882, 1884
1882, 1885
1883, 1884
1883, 1885
1884, 1880
1884, 1881
1884, 1882
1884, 1883
1885, 1879
1885, 1880
1885, 1881
1885, 1882
1885, 1883
1886, 1888
1887, 1890
1887, 1891
1888, 1886
1888, 1889
1888, 1891
1889, 1888
1889, 1890
1889, 1891
1890, 1887
1890, 1889
1890, 1891
1891, 1887
1891, 1888
1891, 1889
1891, 1890
1892, 1896
1893, 1897
1894, 1898
1895, 1896
1895, 1897
1895, 1898
1896, 1892
1896, 1895
1896, 1897
1896, 1898
1897, 1893
1897, 1895
1897, 1896
1897, 1898
1898, 1894
1898, 1895
1898, 1896
1898, 1897
1899, 1900
1899, 1903
1900, 1899
1900, 1903
1901, 1902
1901, 1903
1902, 1901
1902, 1903
1903, 1899
1903, 1900
1903, 1901
1903, 1902
1904, 1911
1905, 1911
1906, 1910
1907, 1909
1907, 1910
1908, 1909
1908, 1910
1908, 1911
1909, 1907
1909, 1908
1909, 1911
1910, 1906
1910, 1907
1910, 1908
1911, 1904
1911, 1905
1911, 1908
1911, 1909
1912, 1918
1913, 1917
1913, 1918
1914, 1917
1914, 1918
1915, 1916
1915, 1918
1916, 1915
1916, 1918
1917, 1913
1917, 1914
1918, 1912
1918, 1913
1918, 1914
1918, 1915
1918, 1916
1919, 1925
1920, 1925
1921, 1923
1921, 1925
1922, 1924
1922, 1925
1923, 1921
1923, 1924
1924, 1922
1924, 1923
1925, 1919
1925, 1920
1925, 1921
1925, 1922
1926, 1930
1927, 1931
1928, 1929
1928, 1930
1928, 1931
1929, 1928
1929, 1930
1929, 1931
1930, 1926
1930, 1928
1930, 1929
1931, 1927
1931, 1928
1931, 1929
1932, 1938
1933, 1938
1934, 1938
1935, 1937
1936, 1937
1937, 1935
1937, 1936
1937, 1938
1938, 1932
1938, 1933
1938, 1934
1938, 1937
1939, 1943
1940, 1944
1940, 1945
1941, 1944
1941, 1945
1942, 1943
1942, 1944
1942, 1945
1943, 1939
1943, 1942
1943, 1945
1944, 1940
1944, 1941
1944, 1942
1945, 1940
1945, 1941
1945, 1942
1945, 1943
1946, 1947
1946, 1951
1947, 1946
1947, 1952
1948, 1951
1948, 1952
1949, 1951
1949, 1952
1950, 1951
1950, 1952
1951, 1946
1951, 1948
1951, 1949
1951, 1950
1951, 1952
1952, 1947
1952, 1948
1952, 1949
1952, 1950
1952, 1951
1953, 1960
1954, 1959
1955, 1959
1956, 1957
1957, 1956
1957, 1960
1958, 1959
1958, 1960
1959, 1954
1959, 1955
1959, 1958
1960, 1953
1960, 1957
1960, 1958
1961, 1967
1962, 1965
1962, 1967
1963, 1966
1963, 1967
1964, 1966
1964, 1967
1965, 1962
1965, 1966
1966, 1963
1966, 1964
1966, 1965
1966, 1967
1967, 1961
1967, 1962
1967, 1963
1967, 1964
1967, 1966
1968, 1972
1969, 1973
1970, 1971
1970, 1972
1971, 1970
1971, 1973
1972, 1968
1972, 1970
1972, 1973
1973, 1969
1973, 1971
1973, 1972
1974, 1979
1975, 1980
1976, 1980
1977, 1979
1978, 1979
1978, 1980
1979, 1974
1979, 1977
1979, 1978
1979, 1980
1980, 1975
1980, 1976
1980, 1978
1980, 1979
1981, 1988
1982, 1987
1982, 1988
1983, 1987
1983, 1988
1984, 1987
1984, 1988
1985, 1986
1985, 1988
1986, 1985
1986, 1988
1987, 1982
1987, 1983
1987, 1984
1987, 1988
1988, 1981
1988, 1982
1988, 1983
1988, 1984
1988, 1985
1988, 1986
1988, 1987
1989, 1996
1990, 1995
1991, 1995
1992, 1994
1993, 1994
1993, 1996
1994, 1992
1994, 1993
1995, 1990
1995, 1991
1995, 1996
1996, 1989
1996, 1993
1996, 1995
1997, 1998
1997, 2003
1998, 1997
1998, 2004
1999, 2003
1999, 2004
2000, 2003
2000, 2004
2001, 2003
2001, 2004
2002, 2003
2002, 2004
2003, 1997
2003, 1999
2003, 2000
2003, 2001
2003, 2002
2003, 2004
2004, 1998
2004, 1999
2004, 2000
2004, 2001
2004, 2002
2004, 2003
2005, 2009
2006, 2009
2007, 2008
2007, 2009
2008, 2007
2008, 2009
2009, 2005
2009, 2006
2009, 2007
2009, 2008
2010, 2016
2011, 2015
2012, 2015
2012, 2016
2013, 2014
2013, 2016
2014, 2013
2014, 2016
2015, 2011
2015, 2012
2015, 2016
2016, 2010
2016, 2012
2016, 2013
2016, 2014
2016, 2015
2017, 2020
2017, 2021
2018, 2020
2018, 2021
2018, 2022
2019, 2020
2019, 2021
2019, 2022
2020, 2017
2020, 2018
2020, 2019
2020, 2022
2021, 2017
2021, 2018
2021, 2019
2021, 2022
2022, 2018
2022, 2019
2022, 2020
2022, 2021
2023, 2027
2024, 2027
2024, 2028
2025, 2027
2025, 2029
2026, 2028
2026, 2029
2027, 2023
2027, 2024
2027, 2025
2028, 2024
2028, 2026
2028, 2029
2029, 2025
2029, 2026
2029, 2028
2030, 2037
2031, 2037
2032, 2037
2033, 2035
2034, 2036
2035, 2033
2035, 2036
2035, 2037
2036, 2034
2036, 2035
2036, 2037
2037, 2030
2037, 2031
2037, 2032
2037, 2035
2037, 2036
2038, 2044
2039, 2044
2040, 2041
2040, 2042
2041, 2040
2041, 2043
2042, 2040
2042, 2043
2042, 2044
2043, 2041
2043, 2042
2043, 2044
2044, 2038
2044, 2039
2044, 2042
2044, 2043
2045, 2051
2046, 2049
2047, 2050
2047, 2051
2048, 2050
2048, 2051
2049, 2046
2049, 2051
2050, 2047
2050, 2048
2051, 2045
2051, 2047
2051, 2048
2051, 2049
2052, 2059
2053, 2057
2053, 2059
2054, 2057
2054, 2059
2055, 2058
2055, 2059
2056, 2058
2056, 2059
2057, 2053
2057, 2054
2058, 2055
2058, 2056
2058, 2059
2059, 2052
2059, 2053
2059, 2054
2059, 2055
2059, 2056
2059, 2058
2060, 2067
2061, 2064
2062, 2066
2062, 2067
2063, 2066
2063, 2067
2064, 2061
2064, 2065
2065, 2064
2065, 2066
2065, 2067
2066, 2062
2066, 2063
2066, 2065
2067, 2060
2067, 2062
2067, 2063
2067, 2065
2068, 2071
2069, 2072
2070, 2073
2071, 2068
2071, 2072
2071, 2073
2072, 2069
2072, 2071
2072, 2073
2073, 2070
2073, 2071
2073, 2072
2074, 2078
2075, 2079
2076, 2077
2076, 2078
2077, 2076
2077, 2079
2078, 2074
2078, 2076
2079, 2075
2079, 2077
2080, 2082
2080, 2085
2081, 2084
2081, 2085
2082, 2080
2082, 2083
2083, 2082
2083, 2084
2083, 2085
2084, 2081
2084, 2083
2084, 2085
2085, 2080
2085, 2081
2085, 2083
2085, 2084
2086, 2092
2087, 2091
2088, 2091
2089, 2090
2089, 2092
2090, 2089
2090, 2092
2091, 2087
2091, 2088
2091, 2092
2092, 2086
2092, 2089
2092, 2090
2092, 2091
2093, 2096
2094, 2097
2094, 2098
2095, 2097
2095, 2098
2096, 2093
2096, 2097
2096, 2098
2097, 2094
2097, 2095
2097, 2096
2097, 2098
2098, 2094
2098, 2095
2098, 2096
2098, 2097
2099, 2102
2100, 2103
2101, 2102
2101, 2103
2102, 2099
2102, 2101
2102, 2103
2103, 2100
2103, 2101
2103, 2102
2104, 2110
2104, 2111
2105, 2110
2105, 2111
2106, 2110
2106, 2111
2107, 2110
2107, 2111
2108, 2109
2108, 2110
2108, 2111
2109, 2108
2109, 2110
2109, 2111
2110, 2104
2110, 2105
2110, 2106
2110, 2107
2110, 2108
2110, 2109
2110, 2111
2111, 2104
2111, 2105
2111, 2106
2111, 2107
2111, 2108
2111, 2109
2111, 2110
2112, 2116
2112, 2118
2113, 2117
2113, 2118
2114, 2116
2114, 2117
2115, 2116
2115, 2117
2116, 2112
2116, 2114
2116, 2115
2116, 2118
2117, 2113
2117, 2114
2117, 2115
2117, 2118
2118, 2112
2118, 2113
2118, 2116
2118, 2117
2119, 2126
2120, 2126
2121, 2125
2121, 2126
2122, 2125
2122, 2126
2123, 2124
2123, 2125
2123, 2126
2124, 2123
2124, 2125
2124, 2126
2125, 2121
2125, 2122
2125, 2123
2125, 2124
2126, 2119
2126, 2120
2126, 2121
2126, 2122
2126, 2123
2126, 2124
2127, 2131
2128, 2131
2129, 2131
2130, 2131
2131, 2127
2131, 2128
2131, 2129
2131, 2130
2132, 2136
2133, 2137
2133, 2138
2134, 2137
2134, 2138
2135, 2136
2135, 2137
2135, 2138
2136, 2132
2136, 2135
2136, 2137
2136, 2138
2137, 2133
2137, 2134
2137, 2135
2137, 2136
2138, 2133
2138, 2134
2138, 2135
2138, 2136
2139, 2146
2140, 2146
2141, 2146
2142, 2143
2142, 2144
2143, 2142
2143, 2145
2144, 2142
2144, 2145
2144, 2146
2145, 2143
2145, 2144
2145, 2146
2146, 2139
2146, 2140
2146, 2141
2146, 2144
2146, 2145
2147, 2152
2147, 2153
2148, 2152
2148, 2153
2149, 2152
2149, 2153
2150, 2151
2150, 2152
2150, 2153
2151, 2150
2151, 2152
2151, 2153
2152, 2147
2152, 2148
2152, 2149
2152, 2150
2152, 2151
2152, 2153
2153, 2147
2153, 2148
2153, 2149
2153, 2150
2153, 2151
2153, 2152
2154, 2160
2155, 2159
2155, 2160
2156, 2159
2156, 2160
2157, 2158
2157, 2159
2157, 2160
2158, 2157
2158, 2159
2158, 2160
2159, 2155
2159, 2156
2159, 2157
2159, 2158
2160, 2154
2160, 2155
2160, 2156
2160, 2157
2160, 2158
2161, 2165
2162, 2165
2162, 2167
2163, 2166
2163, 2167
2164, 2166
2164, 2167
2165, 2161
2165, 2162
2166, 2163
2166, 2164
2166, 2167
2167, 2162
2167, 2163
2167, 2164
2167, 2166
2168, 2173
2169, 2174
2170, 2175
2171, 2175
2172, 2174
2173, 2168
2173, 2174
2173, 2175
2174, 2169
2174, 2172
2174, 2173
2174, 2175
2175, 2170
2175, 2171
2175, 2173
2175, 2174
2176, 2177
2176, 2180
2176, 2181
2177, 2176
2177, 2180
2177, 2181
2178, 2179
2178, 2180
2178, 2181
2179, 2178
2179, 2180
2179, 2181
2180, 2176
2180, 2177
2180, 2178
2180, 2179
2180, 2181
2181, 2176
2181, 2177
2181, 2178
2181, 2179
2181, 2180
2182, 2189
2183, 2189
2184, 2189
2185, 2189
2186, 2188
2186, 2189
2187, 2188
2187, 2189
2188, 2186
2188, 2187
2188, 2189
2189, 2182
2189, 2183
2189, 2184
2189, 2185
2189, 2186
2189, 2187
2189, 2188
2190, 2197
2191, 2197
2192, 2197
2193, 2197
2194, 2195
2194, 2196
2195, 2194
2195, 2196
2196, 2194
2196, 2195
2196, 2197
2197, 2190
2197, 2191
2197, 2192
2197, 2193
2197, 2196
2198, 2204
2199, 2203
2200, 2202
2200, 2203
2200, 2204
2201, 2202
2201, 2203
2201, 2204
2202, 2200
2202, 2201
2202, 2204
2203, 2199
2203, 2200
2203, 2201
2204, 2198
2204, 2200
2204, 2201
2204, 2202
2205, 2210
2205, 2211
2206, 2210
2206, 2211
2207, 2210
2207, 2211
2208, 2209
2208, 2210
2208, 2211
2209, 2208
2209, 2210
2209, 2211
2210, 2205
2210, 2206
2210, 2207
2210, 2208
2210, 2209
2211, 2205
2211, 2206
2211, 2207
2211, 2208
2211, 2209
2212, 2218
2213, 2219
2214, 2215
2214, 2218
2215, 2214
2215, 2219
2216, 2218
2216, 2219
2217, 2218
2217, 2219
2218, 2212
2218, 2214
2218, 2216
2218, 2217
2219, 2213
2219, 2215
2219, 2216
2219, 2217
2220, 2224
2220, 2225
2221, 2224
2221, 2226
2222, 2225
2222, 2226
2223, 2225
2223, 2226
2224, 2220
2224, 2221
2224, 2225
2224, 2226
2225, 2220
2225, 2222
2225, 2223
2225, 2224
2225, 2226
2226, 2221
2226, 2222
2226, 2223
2226, 2224
2226, 2225
2227, 2228
2227, 2229
2227, 2230
2228, 2227
2228, 2231
2228, 2232
2229, 2227
2229, 2231
2229, 2232
2230, 2227
2230, 2231
2230, 2232
2231, 2228
2231, 2229
2231, 2230
2231, 2232
2232, 2228
2232, 2229
2232, 2230
2232, 2231
2233, 2239
2234, 2240
2235, 2240
2236, 2239
2237, 2239
2237, 2240
2238, 2239
2238, 2240
2239, 2233
2239, 2236
2239, 2237
2239, 2238
2239, 2240
2240, 2234
2240, 2235
2240, 2237
2240, 2238
2240, 2239
2241, 2247
2242, 2245
2242, 2247
2243, 2246
2243, 2247
2244, 2245
2244, 2246
2245, 2242
2245, 2244
2245, 2246
2245, 2247
2246, 2243
2246, 2244
2246, 2245
2246, 2247
2247, 2241
2247, 2242
2247, 2243
2247, 2245
2247, 2246
2248, 2255
2249, 2253
2250, 2254
2251, 2253
2251, 2255
2252, 2254
2252, 2255
2253, 2249
2253, 2251
2254, 2250
2254, 2252
2255, 2248
2255, 2251
2255, 2252
2256, 2262
2257, 2259
2258, 2261
2258, 2262
2259, 2257
2259, 2260
2259, 2262
2260, 2259
2260, 2261
2260, 2262
2261, 2258
2261, 2260
2261, 2262
2262, 2256
2262, 2258
2262, 2259
2262, 2260
2262, 2261
2263, 2268
2264, 2268
2264, 2269
2265, 2267
2265, 2269
2266, 2267
2266, 2268
2266, 2269
2267, 2265
2267, 2266
2267, 2269
2268, 2263
2268, 2264
2268, 2266
2269, 2264
2269, 2265
2269, 2266
2269, 2267
2270, 2277
2271, 2277
2272, 2277
2273, 2276
2274, 2275
2274, 2276
2274, 2277
2275, 2274
2275, 2276
2275, 2277
2276, 2273
2276, 2274
2276, 2275
2276, 2277
2277, 2270
2277, 2271
2277, 2272
2277, 2274
2277, 2275
2277, 2276
2278, 2285
2279, 2284
2279, 2285
2280, 2284
2280, 2285
2281, 2284
2281, 2285
2282, 2284
2282, 2285
2283, 2284
2283, 2285
2284, 2279
2284, 2280
2284, 2281
2284, 2282
2284, 2283
2284, 2285
2285, 2278
2285, 2279
2285, 2280
2285, 2281
2285, 2282
2285, 2283
2285, 2284
2286, 2293
2287, 2293
2288, 2291
2289, 2292
2289, 2293
2290, 2292
2290, 2293
2291, 2288
2291, 2292
2291, 2293
2292, 2289
2292, 2290
2292, 2291
2292, 2293
2293, 2286
2293, 2287
2293, 2289
2293, 2290
2293, 2291
2293, 2292
2294, 2301
2295, 2301
2296, 2301
2297, 2298
2297, 2299
2297, 2301
2298, 2297
2298, 2300
2298, 2301
2299, 2297
2299, 2300
2299, 2301
2300, 2298
2300, 2299
2300, 2301
2301, 2294
2301, 2295
2301, 2296
2301, 2297
2301, 2298
2301, 2299
2301, 2300
2302, 2308
2303, 2307
2303, 2308
2304, 2307
2304, 2308
2305, 2307
2305, 2308
2306, 2307
2306, 2308
2307, 2303
2307, 2304
2307, 2305
2307, 2306
2307, 2308
2308, 2302
2308, 2303
2308, 2304
2308, 2305
2308, 2306
2308, 2307
2309, 2315
2310, 2313
2310, 2314
2310, 2315
2311, 2313
2311, 2314
2311, 2315
2312, 2313
2312, 2314
2312, 2315
2313, 2310
2313, 2311
2313, 2312
2313, 2315
2314, 2310
2314, 2311
2314, 2312
2314, 2315
2315, 2309
2315, 2310
2315, 2311
2315, 2312
2315, 2313
2315, 2314
2316, 2322
2317, 2322
2318, 2320
2318, 2321
2319, 2320
2319, 2321
2320, 2318
2320, 2319
2320, 2322
2321, 2318
2321, 2319
2321, 2322
2322, 2316
2322, 2317
2322, 2320
2322, 2321
2323, 2327
2324, 2328
2324, 2329
2325, 2328
2325, 2329
2326, 2327
2326, 2329
2327, 2323
2327, 2326
2328, 2324
2328, 2325
2329, 2324
2329, 2325
2329, 2326
2330, 2331
2330, 2332
2330, 2335
2331, 2330
2331, 2333
2331, 2335
2332, 2330
2332, 2334
2332, 2335
2333, 2331
2333, 2334
2333, 2335
2334, 2332
2334, 2333
2334, 2335
2335, 2330
2335, 2331
2335, 2332
2335, 2333
2335, 2334
2336, 2337
2336, 2338
2337, 2336
2337, 2341
2338, 2336
2338, 2342
2339, 2341
2339, 2342
2340, 2341
2340, 2342
2341, 2337
2341, 2339
2341, 2340
2342, 2338
2342, 2339
2342, 2340
2343, 2347
2343, 2348
2344, 2347
2344, 2348
2345, 2346
2345, 2347
2345, 2348
2346, 2345
2346, 2347
2346, 2348
2347, 2343
2347, 2344
2347, 2345
2347, 2346
2348, 2343
2348, 2344
2348, 2345
2348, 2346
2349, 2352
2350, 2354
2350, 2355
2351, 2354
2351, 2355
2352, 2349
2352, 2353
2352, 2355
2353, 2352
2353, 2354
2353, 2355
2354, 2350
2354, 2351
2354, 2353
2354, 2355
2355, 2350
2355, 2351
2355, 2352
2355, 2353
2355, 2354
2356, 2363
2357, 2363
2358, 2362
2359, 2361
2359, 2363
2360, 2362
2360, 2363
2361, 2359
2361, 2362
2362, 2358
2362, 2360
2362, 2361
2362, 2363
2363, 2356
2363, 2357
2363, 2359
2363, 2360
2363, 2362
2364, 2368
2365, 2368
2365, 2370
2366, 2369
2366, 2370
2367, 2369
2367, 2370
2368, 2364
2368, 2365
2368, 2369
2369, 2366
2369, 2367
2369, 2368
2370, 2365
2370, 2366
2370, 2367
2371, 2376
2371, 2377
2372, 2376
2372, 2377
2373, 2374
2373, 2376
2374, 2373
2374, 2375
2374, 2377
2375, 2374
2375, 2376
2375, 2377
2376, 2371
2376, 2372
2376, 2373
2376, 2375
2376, 2377
2377, 2371
2377, 2372
2377, 2374
2377, 2375
2377, 2376
2378, 2382
2379, 2384
2380, 2384
2381, 2383
2382, 2378
2382, 2383
2383, 2381
2383, 2382
2383, 2384
2384, 2379
2384, 2380
2384, 2383
2385, 2390
2386, 2391
2387, 2388
2387, 2389
2388, 2387
2388, 2390
2389, 2387
2389, 2391
2390, 2385
2390, 2388
2390, 2391
2391, 2386
2391, 2389
2391, 2390
2392, 2398
2392, 2399
2393, 2398
2393, 2399
2394, 2398
2394, 2399
2395, 2398
2395, 2399
2396, 2397
2396, 2399
2397, 2396
2397, 2399
2398, 2392
2398, 2393
2398, 2394
2398, 2395
2399, 2392
2399, 2393
2399, 2394
2399, 2395
2399, 2396
2399, 2397
2400, 2407
2401, 2407
2402, 2405
2402, 2407
2403, 2406
2403, 2407
2404, 2405
2404, 2406
2405, 2402
2405, 2404
2406, 2403
2406, 2404
2407, 2400
2407, 2401
2407, 2402
2407, 2403
2408, 2415
2409, 2415
2410, 2415
2411, 2412
2411, 2413
2412, 2411
2412, 2414
2412, 2415
2413, 2411
2413, 2414
2413, 2415
2414, 2412
2414, 2413
2414, 2415
2415, 2408
2415, 2409
2415, 2410
2415, 2412
2415, 2413
2415, 2414
2416, 2422
2417, 2421
2418, 2420
2418, 2421
2418, 2422
2419, 2420
2419, 2421
2419, 2422
2420, 2418
2420, 2419
2420, 2422
2421, 2417
2421, 2418
2421, 2419
2421, 2422
2422, 2416
2422, 2418
2422, 2419
2422, 2420
2422, 2421
2423, 2430
2424, 2430
2425, 2429
2425, 2430
2426, 2429
2426, 2430
2427, 2428
2427, 2429
2428, 2427
2428, 2429
2428, 2430
2429, 2425
2429, 2426
2429, 2427
2429, 2428
2429, 2430
2430, 2423
2430, 2424
2430, 2425
2430, 2426
2430, 2428
2430, 2429
2431, 2436
2432, 2437
2433, 2435
2433, 2436
2433, 2437
2434, 2435
2434, 2436
2434, 2437
2435, 2433
2435, 2434
2435, 2436
2435, 2437
2436, 2431
2436, 2433
2436, 2434
2436, 2435
2437, 2432
2437, 2433
2437, 2434
2437, 2435
2438, 2442
2438, 2444
2439, 2443
2439, 2444
2440, 2442
2440, 2443
2441, 2442
2441, 2443
2441, 2444
2442, 2438
2442, 2440
2442, 2441
2442, 2444
2443, 2439
2443, 2440
2443, 2441
2443, 2444
2444, 2438
2444, 2439
2444, 2441
2444, 2442
2444, 2443
2445, 2452
2446, 2451
2446, 2452
2447, 2451
2447, 2452
2448, 2451
2448, 2452
2449, 2450
2449, 2452
2450, 2449
2450, 2452
2451, 2446
2451, 2447
2451, 2448
2452, 2445
2452, 2446
2452, 2447
2452, 2448
2452, 2449
2452, 2450
2453, 2460
2454, 2460
2455, 2460
2456, 2459
2457, 2458
2457, 2459
2458, 2457
2458, 2459
2458, 2460
2459, 2456
2459, 2457
2459, 2458
2460, 2453
2460, 2454
2460, 2455
2460, 2458
2461, 2467
2462, 2465
2462, 2467
2463, 2466
2463, 2467
2464, 2466
2464, 2467
2465, 2462
2465, 2466
2466, 2463
2466, 2464
2466, 2465
2467, 2461
2467, 2462
2467, 2463
2467, 2464
2468, 2475
2469, 2473
2470, 2474
2470, 2475
2471, 2474
2471, 2475
2472, 2474
2472, 2475
2473, 2469
2473, 2474
2474, 2470
2474, 2471
2474, 2472
2474, 2473
2474, 2475
2475, 2468
2475, 2470
2475, 2471
2475, 2472
2475, 2474
2476, 2482
2477, 2482
2477, 2483
2478, 2482
2478, 2483
2479, 2482
2479, 2483
2480, 2481
2480, 2483
2481, 2480
2481, 2483
2482, 2476
2482, 2477
2482, 2478
2482, 2479
2483, 2477
2483, 2478
2483, 2479
2483, 2480
2483, 2481
2484, 2488
2485, 2489
2486, 2490
2487, 2489
2487, 2490
2488, 2484
2488, 2489
2488, 2490
2489, 2485
2489, 2487
2489, 2488
2489, 2490
2490, 2486
2490, 2487
2490, 2488
2490, 2489
2491, 2492
2491, 2495
2492, 2491
2492, 2496
2493, 2494
2493, 2496
2494, 2493
2494, 2495
2495, 2491
2495, 2494
2495, 2496
2496, 2492
2496, 2493
2496, 2495
2497, 2498
2498, 2497
2498, 2499
2498, 2500
2499, 2498
2499, 2501
2499, 2502
2500, 2498
2500, 2501
2500, 2502
2501, 2499
2501, 2500
2501, 2502
2502, 2499
2502, 2500
2502, 2501
2503, 2508
2503, 2509
2504, 2508
2504, 2509
2505, 2506
2505, 2507
2506, 2505
2506, 2508
2506, 2509
2507, 2505
2507, 2508
2507, 2509
2508, 2503
2508, 2504
2508, 2506
2508, 2507
2509, 2503
2509, 2504
2509, 2506
2509, 2507
2510, 2517
2511, 2515
2511, 2516
2512, 2516
2512, 2517
2513, 2516
2513, 2517
2514, 2516
2514, 2517
2515, 2511
2515, 2516
2515, 2517
2516, 2511
2516, 2512
2516, 2513
2516, 2514
2516, 2515
2516, 2517
2517, 2510
2517, 2512
2517, 2513
2517, 2514
2517, 2515
2517, 2516
2518, 2524
2519, 2524
2520, 2524
2521, 2524
2522, 2523
2522, 2524
2523, 2522
2523, 2524
2524, 2518
2524, 2519
2524, 2520
2524, 2521
2524, 2522
2524, 2523
2525, 2529
2525, 2530
2526, 2527
2526, 2529
2527, 2526
2527, 2528
2527, 2530
2528, 2527
2528, 2529
2528, 2530
2529, 2525
2529, 2526
2529, 2528
2529, 2530
2530, 2525
2530, 2527
2530, 2528
2530, 2529
2531, 2538
2532, 2536
2532, 2538
2533, 2537
2533, 2538
2534, 2537
2534, 2538
2535, 2536
2535, 2538
2536, 2532
2536, 2535
2537, 2533
2537, 2534
2538, 2531
2538, 2532
2538, 2533
2538, 2534
2538, 2535
2539, 2545
2540, 2543
2540, 2544
2541, 2544
2541, 2545
2542, 2544
2542, 2545
2543, 2540
2543, 2544
2543, 2545
2544, 2540
2544, 2541
2544, 2542
2544, 2543
2545, 2539
2545, 2541
2545, 2542
2545, 2543
2546, 2547
2547, 2546
2547, 2553
2548, 2552
2548, 2553
2549, 2552
2549, 2553
2550, 2552
2550, 2553
2551, 2552
2551, 2553
2552, 2548
2552, 2549
2552, 2550
2552, 2551
2552, 2553
2553, 2547
2553, 2548
2553, 2549
2553, 2550
2553, 2551
2553, 2552
2554, 2560
2555, 2559
2556, 2558
2557, 2559
2557, 2560
2558, 2556
2558, 2560
2559, 2555
2559, 2557
2560, 2554
2560, 2557
2560, 2558
2561, 2566
2562, 2566
2563, 2565
2563, 2566
2564, 2565
2564, 2566
2565, 2563
2565, 2564
2565, 2566
2566, 2561
2566, 2562
2566, 2563
2566, 2564
2566, 2565
2567, 2572
2567, 2573
2568, 2572
2568, 2573
2569, 2572
2569, 2573
2570, 2571
2570, 2573
2571, 2570
2571, 2573
2572, 2567
2572, 2568
2572, 2569
2573, 2567
2573, 2568
2573, 2569
2573, 2570
2573, 2571
2574, 2575
2575, 2574
2575, 2580
2576, 2579
2576, 2580
2577, 2579
2577, 2580
2578, 2579
2578, 2580
2579, 2576
2579, 2577
2579, 2578
2580, 2575
2580, 2576
2580, 2577
2580, 2578
2581, 2588
2582, 2588
2583, 2587
2584, 2586
2584, 2587
2585, 2587
2585, 2588
2586, 2584
2586, 2587
2586, 2588
2587, 2583
2587, 2584
2587, 2585
2587, 2586
2587, 2588
2588, 2581
2588, 2582
2588, 2585
2588, 2586
2588, 2587
2589, 2594
2590, 2594
2590, 2595
2591, 2592
2591, 2595
2592, 2591
2592, 2593
2592, 2595
2593, 2592
2593, 2594
2593, 2595
2594, 2589
2594, 2590
2594, 2593
2594, 2595
2595, 2590
2595, 2591
2595, 2592
2595, 2593
2595, 2594
2596, 2603
2597, 2602
2598, 2602
2599, 2601
2600, 2601
2600, 2603
2601, 2599
2601, 2600
2601, 2603
2602, 2597
2602, 2598
2602, 2603
2603, 2596
2603, 2600
2603, 2601
2603, 2602
2604, 2611
2605, 2610
2606, 2610
2607, 2610
2607, 2611
2608, 2609
2608, 2611
2609, 2608
2609, 2611
2610, 2605
2610, 2606
2610, 2607
2611, 2604
2611, 2607
2611, 2608
2611, 2609
2612, 2619
2613, 2619
2614, 2618
2615, 2616
2615, 2619
2616, 2615
2616, 2617
2617, 2616
2617, 2618
2618, 2614
2618, 2617
2618, 2619
2619, 2612
2619, 2613
2619, 2615
2619, 2618
2620, 2624
2621, 2623
2621, 2624
2622, 2623
2622, 2624
2623, 2621
2623, 2622
2624, 2620
2624, 2621
2624, 2622
2625, 2631
2626, 2631
2627, 2629
2627, 2630
2628, 2629
2628, 2630
2629, 2627
2629, 2628
2629, 2630
2629, 2631
2630, 2627
2630, 2628
2630, 2629
2630, 2631
2631, 2625
2631, 2626
2631, 2629
2631, 2630
2632, 2639
2633, 2639
2634, 2638
2635, 2637
2635, 2639
2636, 2638
2636, 2639
2637, 2635
2637, 2638
2637, 2639
2638, 2634
2638, 2636
2638, 2637
2638, 2639
2639, 2632
2639, 2633
2639, 2635
2639, 2636
2639, 2637
2639, 2638
2640, 2644
2640, 2645
2641, 2644
2641, 2645
2642, 2643
2642, 2645
2643, 2642
2643, 2644
2643, 2645
2644, 2640
2644, 2641
2644, 2643
2645, 2640
2645, 2641
2645, 2642
2645, 2643
2646, 2650
2647, 2650
2648, 2649
2648, 2651
2649, 2648
2649, 2651
2650, 2646
2650, 2647
2650, 2651
2651, 2648
2651, 2649
2651, 2650
2652, 2658
2653, 2656
2654, 2657
2654, 2658
2655, 2657
2655, 2658
2656, 2653
2656, 2657
2657, 2654
2657, 2655
2657, 2656
2657, 2658
2658, 2652
2658, 2654
2658, 2655
2658, 2657
2659, 2660
2659, 2661
2659, 2662
2660, 2659
2660, 2661
2660, 2663
2661, 2659
2661, 2660
2661, 2664
2662, 2659
2662, 2663
2662, 2664
2663, 2660
2663, 2662
2663, 2664
2664, 2661
2664, 2662
2664, 2663
2665, 2666
2665, 2667
2665, 2668
2666, 2665
2666, 2669
2666, 2670
2667, 2665
2667, 2669
2667, 2670
2668, 2665
2668, 2669
2668, 2670
2669, 2666
2669, 2667
2669, 2668
2670, 2666
2670, 2667
2670, 2668
2671, 2677
2672, 2678
2673, 2674
2673, 2675
2674, 2673
2674, 2677
2675, 2673
2675, 2678
2676, 2677
2676, 2678
2677, 2671
2677, 2674
2677, 2676
2678, 2672
2678, 2675
2678, 2676
2679, 2683
2679, 2684
2680, 2681
2680, 2682
2680, 2683
2680, 2684
2681, 2680
2681, 2682
2681, 2683
2681, 2684
2682, 2680
2682, 2681
2682, 2683
2682, 2684
2683, 2679
2683, 2680
2683, 2681
2683, 2682
2683, 2684
2684, 2679
2684, 2680
2684, 2681
2684, 2682
2684, 2683
2685, 2692
2686, 2692
2687, 2691
2688, 2691
2688, 2692
2689, 2690
2689, 2692
2690, 2689
2690, 2692
2691, 2687
2691, 2688
2692, 2685
2692, 2686
2692, 2688
2692, 2689
2692, 2690
2693, 2699
2694, 2699
2695, 2698
2695, 2699
2696, 2697
2696, 2698
2697, 2696
2697, 2698
2697, 2699
2698, 2695
2698, 2696
2698, 2697
2698, 2699
2699, 2693
2699, 2694
2699, 2695
2699, 2697
2699, 2698
2700, 2706
2701, 2704
2701, 2705
2701, 2706
2702, 2704
2702, 2705
2702, 2706
2703, 2704
2703, 2705
2703, 2706
2704, 2701
2704, 2702
2704, 2703
2705, 2701
2705, 2702
2705, 2703
2706, 2700
2706, 2701
2706, 2702
2706, 2703
2707, 2709
2707, 2711
2707, 2712
2708, 2710
2708, 2711
2708, 2712
2709, 2707
2709, 2710
2709, 2711
2709, 2712
2710, 2708
2710, 2709
2710, 2711
2710, 2712
2711, 2707
2711, 2708
2711, 2709
2711, 2710
2712, 2707
2712, 2708
2712, 2709
2712, 2710
2713, 2717
2714, 2716
2714, 2717
2715, 2716
2715, 2717
2716, 2714
2716, 2715
2716, 2717
2717, 2713
2717, 2714
2717, 2715
2717, 2716
2718, 2719
2719, 2718
2719, 2723
2720, 2722
2720, 2723
2721, 2722
2721, 2723
2722, 2720
2722, 2721
2722, 2723
2723, 2719
2723, 2720
2723, 2721
2723, 2722
2724, 2730
2725, 2730
2726, 2730
2727, 2729
2728, 2729
2728, 2730
2729, 2727
2729, 2728
2730, 2724
2730, 2725
2730, 2726
2730, 2728
2731, 2732
2731, 2733
2732, 2731
2732, 2733
2733, 2731
2733, 2732
2734, 2741
2735, 2740
2736, 2737
2737, 2736
2737, 2741
2738, 2740
2738, 2741
2739, 2740
2739, 2741
2740, 2735
2740, 2738
2740, 2739
2741, 2734
2741, 2737
2741, 2738
2741, 2739
2742, 2748
2743, 2747
2743, 2748
2744, 2746
2744, 2747
2744, 2748
2745, 2746
2745, 2747
2745, 2748
2746, 2744
2746, 2745
2746, 2748
2747, 2743
2747, 2744
2747, 2745
2748, 2742
2748, 2743
2748, 2744
2748, 2745
2748, 2746
2749, 2756
2750, 2756
2751, 2755
2751, 2756
2752, 2755
2752, 2756
2753, 2754
2753, 2755
2754, 2753
2754, 2755
2755, 2751
2755, 2752
2755, 2753
2755, 2754
2755, 2756
2756, 2749
2756, 2750
2756, 2751
2756, 2752
2756, 2755
2757, 2760
2757, 2761
2758, 2760
2758, 2761
2759, 2760
2759, 2761
2760, 2757
2760, 2758
2760, 2759
2761, 2757
2761, 2758
2761, 2759
2762, 2766
2762, 2767
2763, 2766
2763, 2767
2764, 2765
2764, 2766
2764, 2767
2765, 2764
2765, 2766
2765, 2767
2766, 2762
2766, 2763
2766, 2764
2766, 2765
2766, 2767
2767, 2762
2767, 2763
2767, 2764
2767, 2765
2767, 2766
2768, 2773
2769, 2774
2770, 2771
2770, 2773
2771, 2770
2771, 2774
2772, 2773
2772, 2774
2773, 2768
2773, 2770
2773, 2772
2773, 2774
2774, 2769
2774, 2771
2774, 2772
2774, 2773
2775, 2779
2775, 2781
2776, 2780
2776, 2781
2777, 2779
2777, 2780
2777, 2781
2778, 2779
2778, 2780
2778, 2781
2779, 2775
2779, 2777
2779, 2778
2780, 2776
2780, 2777
2780, 2778
2780, 2781
2781, 2775
2781, 2776
2781, 2777
2781, 2778
2781, 2780
2782, 2787
2782, 2788
2783, 2787
2783, 2788
2784, 2786
2784, 2787
2784, 2788
2785, 2786
2785, 2787
2785, 2788
2786, 2784
2786, 2785
2786, 2787
2786, 2788
2787, 2782
2787, 2783
2787, 2784
2787, 2785
2787, 2786
2787, 2788
2788, 2782
2788, 2783
2788, 2784
2788, 2785
2788, 2786
2788, 2787
2789, 2790
2789, 2791
2790, 2789
2790, 2794
2791, 2789
2791, 2795
2792, 2794
2792, 2795
2793, 2794
2793, 2795
2794, 2790
2794, 2792
2794, 2793
2794, 2795
2795, 2791
2795, 2792
2795, 2793
2795, 2794
2796, 2798
2796, 2800
2797, 2799
2797, 2800
2798, 2796
2798, 2799
2798, 2800
2799, 2797
2799, 2798
2799, 2800
2800, 2796
2800, 2797
2800, 2798
2800, 2799
2801, 2805
2802, 2805
2803, 2806
2803, 2807
2804, 2806
2804, 2807
2805, 2801
2805, 2802
2805, 2807
2806, 2803
2806, 2804
2806, 2807
2807, 2803
2807, 2804
2807, 2805
2807, 2806
2808, 2813
2808, 2814
2809, 2813
2809, 2814
2810, 2812
2810, 2813
2810, 2814
2811, 2812
2811, 2813
2811, 2814
2812, 2810
2812, 2811
2812, 2814
2813, 2808
2813, 2809
2813, 2810
2813, 2811
2813, 2814
2814, 2808
2814, 2809
2814, 2810
2814, 2811
2814, 2812
2814, 2813
2815, 2820
2816, 2820
2817, 2818
2817, 2819
2818, 2817
2818, 2819
2818, 2820
2819, 2817
2819, 2818
2819, 2820
2820, 2815
2820, 2816
2820, 2818
2820, 2819
2821, 2827
2822, 2827
2823, 2827
2824, 2827
2825, 2827
2826, 2827
2827, 2821
2827, 2822
2827, 2823
2827, 2824
2827, 2825
2827, 2826
2828, 2834
2829, 2834
2830, 2831
2831, 2830
2831, 2834
2832, 2833
2832, 2834
2833, 2832
2833, 2834
2834, 2828
2834, 2829
2834, 2831
2834, 2832
2834, 2833
2835, 2840
2836, 2840
2837, 2842
2838, 2841
2838, 2842
2839, 2841
2839, 2842
2840, 2835
2840, 2836
2840, 2841
2841, 2838
2841, 2839
2841, 2840
2842, 2837
2842, 2838
2842, 2839
2843, 2844
2843, 2845
2843, 2847
2843, 2848
2844, 2843
2844, 2846
2844, 2847
2844, 2848
2845, 2843
2845, 2846
2845, 2847
2845, 2848
2846, 2844
2846, 2845
2846, 2847
2846, 2848
2847, 2843
2847, 2844
2847, 2845
2847, 2846
2847, 2848
2848, 2843
2848, 2844
2848, 2845
2848, 2846
2848, 2847
2849, 2855
2850, 2855
2851, 2854
2852, 2855
2852, 2856
2853, 2854
2853, 2856
2854, 2851
2854, 2853
2854, 2856
2855, 2849
2855, 2850
2855, 2852
2856, 2852
2856, 2853
2856, 2854
2857, 2859
2857, 2860
2858, 2861
2858, 2862
2859, 2857
2859, 2861
2859, 2862
2860, 2857
2860, 2861
2860, 2862
2861, 2858
2861, 2859
2861, 2860
2862, 2858
2862, 2859
2862, 2860
2863, 2870
2864, 2870
2865, 2869
2866, 2867
2866, 2870
2867, 2866
2867, 2868
2868, 2867
2868, 2869
2868, 2870
2869, 2865
2869, 2868
2869, 2870
2870, 2863
2870, 2864
2870, 2866
2870, 2868
2870, 2869
2871, 2878
2872, 2873
2873, 2872
2873, 2878
2874, 2877
2874, 2878
2875, 2877
2875, 2878
2876, 2877
2876, 2878
2877, 2874
2877, 2875
2877, 2876
2878, 2871
2878, 2873
2878, 2874
2878, 2875
2878, 2876
2879, 2880
2879, 2884
2880, 2879
2880, 2883
2880, 2884
2881, 2882
2881, 2883
2881, 2884
2882, 2881
2882, 2883
2882, 2884
2883, 2880
2883, 2881
2883, 2882
2884, 2879
2884, 2880
2884, 2881
2884, 2882
2885, 2892
2886, 2890
2886, 2892
2887, 2891
2887, 2892
2888, 2891
2888, 2892
2889, 2890
2889, 2892
2890, 2886
2890, 2889
2890, 2892
2891, 2887
2891, 2888
2891, 2892
2892, 2885
2892, 2886
2892, 2887
2892, 2888
2892, 2889
2892, 2890
2892, 2891
2893, 2900
2894, 2900
2895, 2898
2896, 2899
2897, 2899
2897, 2900
2898, 2895
2898, 2899
2898, 2900
2899, 2896
2899, 2897
2899, 2898
2899, 2900
2900, 2893
2900, 2894
2900, 2897
2900, 2898
2900, 2899
2901, 2908
2902, 2908
2903, 2907
2904, 2906
2905, 2907
2905, 2908
2906, 2904
2906, 2908
2907, 2903
2907, 2905
2908, 2901
2908, 2902
2908, 2905
2908, 2906
2909, 2914
2909, 2915
2910, 2914
2910, 2915
2911, 2912
2911, 2915
2912, 2911
2912, 2913
2912, 2915
2913, 2912
2913, 2914
2913, 2915
2914, 2909
2914, 2910
2914, 2913
2914, 2915
2915, 2909
2915, 2910
2915, 2911
2915, 2912
2915, 2913
2915, 2914
2916, 2921
2917, 2921
2918, 2920
2919, 2920
2919, 2921
2920, 2918
2920, 2919
2921, 2916
2921, 2917
2921, 2919
2922, 2929
2923, 2929
2924, 2928
2925, 2926
2925, 2927
2926, 2925
2926, 2928
2926, 2929
2927, 2925
2927, 2928
2927, 2929
2928, 2924
2928, 2926
2928, 2927
2928, 2929
2929, 2922
2929, 2923
2929, 2926
2929, 2927
2929, 2928
2930, 2937
2931, 2937
2932, 2936
2933, 2935
2933, 2936
2933, 2937
2934, 2935
2934, 2936
2934, 2937
2935, 2933
2935, 2934
2935, 2937
2936, 2932
2936, 2933
2936, 2934
2936, 2937
2937, 2930
2937, 2931
2937, 2933
2937, 2934
2937, 2935
2937, 2936
2938, 2943
2939, 2943
2940, 2943
2941, 2942
2941, 2943
2942, 2941
2942, 2943
2943, 2938
2943, 2939
2943, 2940
2943, 2941
2943, 2942
2944, 2949
2944, 2950
2945, 2949
2945, 2950
2946, 2947
2946, 2950
2947, 2946
2947, 2948
2948, 2947
2948, 2949
2948, 2950
2949, 2944
2949, 2945
2949, 2948
2950, 2944
2950, 2945
2950, 2946
2950, 2948
2951, 2952
2951, 2953
2951, 2955
2952, 2951
2952, 2954
2952, 2956
2953, 2951
2953, 2955
2953, 2956
2954, 2952
2954, 2955
2954, 2956
2955, 2951
2955, 2953
2955, 2954
2955, 2956
2956, 2952
2956, 2953
2956, 2954
2956, 2955
2957, 2964
2958, 2964
2959, 2964
2960, 2963
2961, 2962
2961, 2964
2962, 2961
2962, 2963
2963, 2960
2963, 2962
2963, 2964
2964, 2957
2964, 2958
2964, 2959
2964, 2961
2964, 2963
2965, 2966
2965, 2971
2966, 2965
2966, 2972
2967, 2971
2967, 2972
2968, 2971
2968, 2972
2969, 2971
2969, 2972
2970, 2971
2970, 2972
2971, 2965
2971, 2967
2971, 2968
2971, 2969
2971, 2970
2972, 2966
2972, 2967
2972, 2968
2972, 2969
2972, 2970
2973, 2977
2973, 2978
2974, 2975
2974, 2976
2975, 2974
2975, 2977
2975, 2978
2976, 2974
2976, 2977
2976, 2978
2977, 2973
2977, 2975
2977, 2976
2977, 2978
2978, 2973
2978, 2975
2978, 2976
2978, 2977
2979, 2986
2980, 2984
2980, 2986
2981, 2985
2981, 2986
2982, 2985
2982, 2986
2983, 2985
2983, 2986
2984, 2980
2984, 2985
2985, 2981
2985, 2982
2985, 2983
2985, 2984
2986, 2979
2986, 2980
2986, 2981
2986, 2982
2986, 2983
2987, 2992
2988, 2993
2989, 2990
2989, 2991
2990, 2989
2990, 2992
2990, 2993
2991, 2989
2991, 2992
2991, 2993
2992, 2987
2992, 2990
2992, 2991
2992, 2993
2993, 2988
2993, 2990
2993, 2991
2993, 2992
2994, 3000
2995, 2998
2996, 2999
2996, 3000
2997, 2999
2997, 3000
2998, 2995
2998, 2999
2998, 3000
2999, 2996
2999, 2997
2999, 2998
3000, 2994
3000, 2996
3000, 2997
3000, 2998
3001, 3006
3002, 3006
3003, 3005
3004, 3005
3004, 3006
3005, 3003
3005, 3004
3005, 3006
3006, 3001
3006, 3002
3006, 3004
3006, 3005
3007, 3013
3008, 3013
3009, 3012
3010, 3012
3010, 3013
3011, 3012
3011, 3013
3012, 3009
3012, 3010
3012, 3011
3012, 3013
3013, 3007
3013, 3008
3013, 3010
3013, 3011
3013, 3012
3014, 3021
3015, 3020
3016, 3017
3017, 3016
3017, 3021
3018, 3020
3018, 3021
3019, 3020
3019, 3021
3020, 3015
3020, 3018
3020, 3019
3020, 3021
3021, 3014
3021, 3017
3021, 3018
3021, 3019
3021, 3020
3022, 3023
3022, 3024
3022, 3025
3023, 3022
3023, 3026
3023, 3027
3024, 3022
3024, 3025
3024, 3026
3024, 3027
3025, 3022
3025, 3024
3025, 3026
3025, 3027
3026, 3023
3026, 3024
3026, 3025
3026, 3027
3027, 3023
3027, 3024
3027, 3025
3027, 3026
3028, 3034
3028, 3035
3029, 3034
3029, 3035
3030, 3034
3030, 3035
3031, 3034
3031, 3035
3032, 3034
3032, 3035
3033, 3034
3033, 3035
3034, 3028
3034, 3029
3034, 3030
3034, 3031
3034, 3032
3034, 3033
3034, 3035
3035, 3028
3035, 3029
3035, 3030
3035, 3031
3035, 3032
3035, 3033
3035, 3034
3036, 3040
3037, 3039
3037, 3041
3038, 3040
3038, 3041
3039, 3037
3039, 3040
3039, 3041
3040, 3036
3040, 3038
3040, 3039
3040, 3041
3041, 3037
3041, 3038
3041, 3039
3041, 3040
3042, 3048
3043, 3049
3044, 3045
3044, 3048
3045, 3044
3045, 3049
3046, 3048
3046, 3049
3047, 3048
3047, 3049
3048, 3042
3048, 3044
3048, 3046
3048, 3047
3048, 3049
3049, 3043
3049, 3045
3049, 3046
3049, 3047
3049, 3048
3050, 3055
3050, 3056
3051, 3055
3051, 3056
3052, 3054
3052, 3055
3052, 3056
3053, 3054
3053, 3055
3053, 3056
3054, 3052
3054, 3053
3054, 3056
3055, 3050
3055, 3051
3055, 3052
3055, 3053
3056, 3050
3056, 3051
3056, 3052
3056, 3053
3056, 3054
3057, 3062
3058, 3062
3059, 3060
3059, 3061
3059, 3062
3060, 3059
3060, 3061
3060, 3062
3061, 3059
3061, 3060
3061, 3062
3062, 3057
3062, 3058
3062, 3059
3062, 3060
3062, 3061
3063, 3070
3064, 3070
3065, 3068
3066, 3069
3066, 3070
3067, 3069
3067, 3070
3068, 3065
3068, 3069
3069, 3066
3069, 3067
3069, 3068
3069, 3070
3070, 3063
3070, 3064
3070, 3066
3070, 3067
3070, 3069
3071, 3072
3072, 3071
3072, 3075
3072, 3076
3073, 3074
3073, 3075
3073, 3076
3074, 3073
3074, 3075
3074, 3076
3075, 3072
3075, 3073
3075, 3074
3075, 3076
3076, 3072
3076, 3073
3076, 3074
3076, 3075
3077, 3083
3078, 3082
3079, 3080
3080, 3079
3080, 3083
3081, 3082
3081, 3083
3082, 3078
3082, 3081
3082, 3083
3083, 3077
3083, 3080
3083, 3081
3083, 3082
3084, 3087
3085, 3086
3085, 3088
3086, 3085
3086, 3089
3087, 3084
3087, 3088
3087, 3089
3088, 3085
3088, 3087
3088, 3089
3089, 3086
3089, 3087
3089, 3088
3090, 3096
3091, 3096
3092, 3094
3092, 3095
3092, 3096
3093, 3094
3093, 3095
3093, 3096
3094, 3092
3094, 3093
3094, 3095
3094, 3096
3095, 3092
3095, 3093
3095, 3094
3095, 3096
3096, 3090
3096, 3091
3096, 3092
3096, 3093
3096, 3094
3096, 3095
3097, 3104
3098, 3104
3099, 3103
3100, 3103
3100, 3104
3101, 3102
3101, 3103
3101, 3104
3102, 3101
3102, 3103
3102, 3104
3103, 3099
3103, 3100
3103, 3101
3103, 3102
3104, 3097
3104, 3098
3104, 3100
3104, 3101
3104, 3102
3105, 3112
3106, 3110
3107, 3111
3108, 3110
3108, 3112
3109, 3111
3109, 3112
3110, 3106
3110, 3108
3110, 3111
3111, 3107
3111, 3109
3111, 3110
3112, 3105
3112, 3108
3112, 3109
3113, 3119
3114, 3118
3114, 3119
3115, 3117
3115, 3118
3116, 3117
3116, 3118
3116, 3119
3117, 3115
3117, 3116
3117, 3119
3118, 3114
3118, 3115
3118, 3116
3119, 3113
3119, 3114
3119, 3116
3119, 3117
3120, 3127
3121, 3127
3122, 3127
3123, 3125
3124, 3126
3124, 3127
3125, 3123
3125, 3126
3126, 3124
3126, 3125
3126, 3127
3127, 3120
3127, 3121
3127, 3122
3127, 3124
3127, 3126
3128, 3134
3129, 3134
3130, 3133
3130, 3134
3131, 3132
3131, 3133
3131, 3134
3132, 3131
3132, 3133
3132, 3134
3133, 3130
3133, 3131
3133, 3132
3134, 3128
3134, 3129
3134, 3130
3134, 3131
3134, 3132
3135, 3142
3136, 3142
3137, 3141
3137, 3142
3138, 3141
3138, 3142
3139, 3141
3139, 3142
3140, 3141
3140, 3142
3141, 3137
3141, 3138
3141, 3139
3141, 3140
3142, 3135
3142, 3136
3142, 3137
3142, 3138
3142, 3139
3142, 3140
3143, 3149
3143, 3150
3144, 3149
3144, 3150
3145, 3149
3145, 3150
3146, 3149
3146, 3150
3147, 3148
3147, 3150
3148, 3147
3148, 3150
3149, 3143
3149, 3144
3149, 3145
3149, 3146
3149, 3150
3150, 3143
3150, 3144
3150, 3145
3150, 3146
3150, 3147
3150, 3148
3150, 3149
3151, 3158
3152, 3156
3153, 3157
3154, 3156
3154, 3158
3155, 3157
3155, 3158
3156, 3152
3156, 3154
3157, 3153
3157, 3155
3157, 3158
3158, 3151
3158, 3154
3158, 3155
3158, 3157
3159, 3166
3160, 3166
3161, 3166
3162, 3166
3163, 3164
3163, 3165
3163, 3166
3164, 3163
3164, 3165
3164, 3166
3165, 3163
3165, 3164
3165, 3166
3166, 3159
3166, 3160
3166, 3161
3166, 3162
3166, 3163
3166, 3164
3166, 3165
3167, 3168
3167, 3169
3167, 3172
3168, 3167
3168, 3170
3168, 3171
3168, 3172
3169, 3167
3169, 3170
3169, 3171
3169, 3172
3170, 3168
3170, 3169
3170, 3171
3170, 3172
3171, 3168
3171, 3169
3171, 3170
3171, 3172
3172, 3167
3172, 3168
3172, 3169
3172, 3170
3172, 3171
3173, 3180
3174, 3180
3175, 3180
3176, 3179
3176, 3180
3177, 3178
3177, 3179
3178, 3177
3178, 3179
3179, 3176
3179, 3177
3179, 3178
3180, 3173
3180, 3174
3180, 3175
3180, 3176
3181, 3187
3182, 3187
3183, 3185
3184, 3186
3184, 3187
3185, 3183
3185, 3186
3185, 3187
3186, 3184
3186, 3185
3186, 3187
3187, 3181
3187, 3182
3187, 3184
3187, 3185
3187, 3186
3188, 3193
3189, 3191
3189, 3193
3190, 3192
3190, 3193
3191, 3189
3191, 3192
3191, 3193
3192, 3190
3192, 3191
3192, 3193
3193, 3188
3193, 3189
3193, 3190
3193, 3191
3193, 3192
3194, 3195
3194, 3196
3194, 3197
3194, 3198
3195, 3194
3195, 3196
3195, 3197
3195, 3199
3196, 3194
3196, 3195
3196, 3198
3196, 3199
3197, 3194
3197, 3195
3197, 3198
3197, 3199
3198, 3194
3198, 3196
3198, 3197
3198, 3199
3199, 3195
3199, 3196
3199, 3197
3199, 3198
3200, 3207
3201, 3206
3202, 3206
3203, 3206
3203, 3207
3204, 3205
3204, 3207
3205, 3204
3205, 3207
3206, 3201
3206, 3202
3206, 3203
3206, 3207
3207, 3200
3207, 3203
3207, 3204
3207, 3205
3207, 3206
3208, 3215
3209, 3215
3210, 3215
3211, 3213
3212, 3214
3213, 3211
3213, 3215
3214, 3212
3214, 3215
3215, 3208
3215, 3209
3215, 3210
3215, 3213
3215, 3214
3216, 3223
3217, 3223
3218, 3223
3219, 3222
3219, 3223
3220, 3222
3220, 3223
3221, 3222
3221, 3223
3222, 3219
3222, 3220
3222, 3221
3223, 3216
3223, 3217
3223, 3218
3223, 3219
3223, 3220
3223, 3221
3224, 3228
3224, 3230
3225, 3229
3225, 3230
3226, 3229
3226, 3230
3227, 3228
3227, 3229
3227, 3230
3228, 3224
3228, 3227
3228, 3229
3228, 3230
3229, 3225
3229, 3226
3229, 3227
3229, 3228
3229, 3230
3230, 3224
3230, 3225
3230, 3226
3230, 3227
3230, 3228
3230, 3229
3231, 3233
3231, 3234
3232, 3235
3232, 3236
3233, 3231
3233, 3234
3233, 3235
3233, 3236
3234, 3231
3234, 3233
3234, 3235
3234, 3236
3235, 3232
3235, 3233
3235, 3234
3235, 3236
3236, 3232
3236, 3233
3236, 3234
3236, 3235
3237, 3244
3238, 3244
3239, 3244
3240, 3242
3240, 3243
3241, 3242
3241, 3243
3242, 3240
3242, 3241
3243, 3240
3243, 3241
3243, 3244
3244, 3237
3244, 3238
3244, 3239
3244, 3243
3245, 3248
3245, 3249
3245, 3250
3246, 3248
3246, 3249
3246, 3250
3247, 3248
3247, 3249
3247, 3250
3248, 3245
3248, 3246
3248, 3247
3248, 3250
3249, 3245
3249, 3246
3249, 3247
3249, 3250
3250, 3245
3250, 3246
3250, 3247
3250, 3248
3250, 3249
3251, 3256
3252, 3253
3253, 3252
3253, 3256
3254, 3255
3254, 3256
3255, 3254
3255, 3256
3256, 3251
3256, 3253
3256, 3254
3256, 3255
3257, 3262
3258, 3259
3258, 3262
3259, 3258
3259, 3262
3260, 3261
3260, 3262
3261, 3260
3261, 3262
3262, 3257
3262, 3258
3262, 3259
3262, 3260
3262, 3261
3263, 3270
3264, 3270
3265, 3267
3266, 3269
3266, 3270
3267, 3265
3267, 3268
3268, 3267
3268, 3269
3269, 3266
3269, 3268
3269, 3270
3270, 3263
3270, 3264
3270, 3266
3270, 3269
3271, 3277
3272, 3277
3273, 3276
3273, 3277
3274, 3276
3274, 3277
3275, 3276
3275, 3277
3276, 3273
3276, 3274
3276, 3275
3276, 3277
3277, 3271
3277, 3272
3277, 3273
3277, 3274
3277, 3275
3277, 3276
3278, 3285
3279, 3283
3280, 3283
3281, 3284
3281, 3285
3282, 3284
3282, 3285
3283, 3279
3283, 3280
3283, 3285
3284, 3281
3284, 3282
3284, 3285
3285, 3278
3285, 3281
3285, 3282
3285, 3283
3285, 3284
3286, 3293
3287, 3293
3288, 3292
3288, 3293
3289, 3290
3289, 3291
3290, 3289
3290, 3292
3291, 3289
3291, 3292
3291, 3293
3292, 3288
3292, 3290
3292, 3291
3292, 3293
3293, 3286
3293, 3287
3293, 3288
3293, 3291
3293, 3292
3294, 3298
3295, 3299
3296, 3297
3296, 3298
3296, 3299
3297, 3296
3297, 3298
3297, 3299
3298, 3294
3298, 3296
3298, 3297
3298, 3299
3299, 3295
3299, 3296
3299, 3297
3299, 3298
3300, 3307
3301, 3307
3302, 3306
3302, 3307
3303, 3305
3303, 3306
3304, 3305
3304, 3306
3304, 3307
3305, 3303
3305, 3304
3305, 3307
3306, 3302
3306, 3303
3306, 3304
3307, 3300
3307, 3301
3307, 3302
3307, 3304
3307, 3305
3308, 3309
3308, 3310
3308, 3312
3309, 3308
3309, 3311
3309, 3312
3310, 3308
3310, 3311
3310, 3312
3311, 3309
3311, 3310
3311, 3312
3312, 3308
3312, 3309
3312, 3310
3312, 3311
3313, 3320
3314, 3320
3315, 3319
3316, 3319
3317, 3318
3317, 3320
3318, 3317
3318, 3320
3319, 3315
3319, 3316
3319, 3320
3320, 3313
3320, 3314
3320, 3317
3320, 3318
3320, 3319
3321, 3322
3321, 3326
3322, 3321
3322, 3326
3323, 3324
3323, 3325
3324, 3323
3324, 3325
3324, 3326
3325, 3323
3325, 3324
3325, 3326
3326, 3321
3326, 3322
3326, 3324
3326, 3325
3327, 3330
3327, 3331
3328, 3330
3328, 3332
3329, 3331
3329, 3332
3330, 3327
3330, 3328
3330, 3331
3330, 3332
3331, 3327
3331, 3329
3331, 3330
3331, 3332
3332, 3328
3332, 3329
3332, 3330
3332, 3331
3333, 3339
3334, 3339
3335, 3339
3336, 3338
3337, 3338
3337, 3339
3338, 3336
3338, 3337
3338, 3339
3339, 3333
3339, 3334
3339, 3335
3339, 3337
3339, 3338
3340, 3347
3341, 3347
3342, 3346
3343, 3345
3343, 3347
3344, 3346
3344, 3347
3345, 3343
3345, 3346
3346, 3342
3346, 3344
3346, 3345
3347, 3340
3347, 3341
3347, 3343
3347, 3344
3348, 3355
3349, 3355
3350, 3355
3351, 3354
3351, 3355
3352, 3354
3352, 3355
3353, 3354
3353, 3355
3354, 3351
3354, 3352
3354, 3353
3354, 3355
3355, 3348
3355, 3349
3355, 3350
3355, 3351
3355, 3352
3355, 3353
3355, 3354
3356, 3357
3356, 3358
3356, 3359
3357, 3356
3357, 3358
3357, 3359
3358, 3356
3358, 3357
3358, 3359
3359, 3356
3359, 3357
3359, 3358
3360, 3366
3361, 3366
3362, 3363
3362, 3364
3363, 3362
3363, 3365
3363, 3366
3364, 3362
3364, 3365
3364, 3366
3365, 3363
3365, 3364
3365, 3366
3366, 3360
3366, 3361
3366, 3363
3366, 3364
3366, 3365
3367, 3373
3368, 3372
3368, 3373
3369, 3370
3369, 3372
3370, 3369
3370, 3371
3370, 3373
3371, 3370
3371, 3372
3371, 3373
3372, 3368
3372, 3369
3372, 3371
3372, 3373
3373, 3367
3373, 3368
3373, 3370
3373, 3371
3373, 3372
3374, 3380
3375, 3377
3375, 3380
3376, 3379
3376, 3380
3377, 3375
3377, 3378
3378, 3377
3378, 3379
3378, 3380
3379, 3376
3379, 3378
3379, 3380
3380, 3374
3380, 3375
3380, 3376
3380, 3378
3380, 3379
3381, 3388
3382, 3388
3383, 3387
3384, 3385
3384, 3387
3385, 3384
3385, 3386
3385, 3388
3386, 3385
3386, 3387
3386, 3388
3387, 3383
3387, 3384
3387, 3386
3387, 3388
3388, 3381
3388, 3382
3388, 3385
3388, 3386
3388, 3387
3389, 3393
3389, 3395
3390, 3394
3390, 3395
3391, 3394
3391, 3395
3392, 3394
3392, 3395
3393, 3389
3393, 3394
3393, 3395
3394, 3390
3394, 3391
3394, 3392
3394, 3393
3394, 3395
3395, 3389
3395, 3390
3395, 3391
3395, 3392
3395, 3393
3395, 3394
3396, 3403
3397, 3403
3398, 3403
3399, 3402
3399, 3403
3400, 3401
3400, 3402
3400, 3403
3401, 3400
3401, 3402
3401, 3403
3402, 3399
3402, 3400
3402, 3401
3403, 3396
3403, 3397
3403, 3398
3403, 3399
3403, 3400
3403, 3401
3404, 3409
3404, 3410
3405, 3409
3405, 3410
3406, 3407
3406, 3408
3407, 3406
3407, 3409
3407, 3410
3408, 3406
3408, 3409
3408, 3410
3409, 3404
3409, 3405
3409, 3407
3409, 3408
3409, 3410
3410, 3404
3410, 3405
3410, 3407
3410, 3408
3410, 3409
3411, 3412
3411, 3415
3412, 3411
3412, 3416
3413, 3414
3413, 3415
3413, 3416
3414, 3413
3414, 3415
3414, 3416
3415, 3411
3415, 3413
3415, 3414
3415, 3416
3416, 3412
3416, 3413
3416, 3414
3416, 3415
3417, 3422
3418, 3421
3418, 3422
3419, 3420
3419, 3421
3419, 3422
3420, 3419
3420, 3421
3420, 3422
3421, 3418
3421, 3419
3421, 3420
3422, 3417
3422, 3418
3422, 3419
3422, 3420
3423, 3429
3424, 3428
3424, 3429
3425, 3426
3425, 3427
3426, 3425
3426, 3428
3426, 3429
3427, 3425
3427, 3428
3427, 3429
3428, 3424
3428, 3426
3428, 3427
3428, 3429
3429, 3423
3429, 3424
3429, 3426
3429, 3427
3429, 3428
3430, 3436
3431, 3435
3431, 3436
3432, 3435
3432, 3436
3433, 3434
3433, 3435
3433, 3436
3434, 3433
3434, 3435
3434, 3436
3435, 3431
3435, 3432
3435, 3433
3435, 3434
3435, 3436
3436, 3430
3436, 3431
3436, 3432
3436, 3433
3436, 3434
3436, 3435
3437, 3444
3438, 3444
3439, 3442
3439, 3444
3440, 3443
3440, 3444
3441, 3443
3441, 3444
3442, 3439
3442, 3443
3443, 3440
3443, 3441
3443, 3442
3443, 3444
3444, 3437
3444, 3438
3444, 3439
3444, 3440
3444, 3441
3444, 3443
3445, 3452
3446, 3452
3447, 3451
3448, 3451
3448, 3452
3449, 3450
3449, 3452
3450, 3449
3450, 3452
3451, 3447
3451, 3448
3451, 3452
3452, 3445
3452, 3446
3452, 3448
3452, 3449
3452, 3450
3452, 3451
3453, 3460
3454, 3458
3454, 3460
3455, 3459
3455, 3460
3456, 3459
3456, 3460
3457, 3459
3457, 3460
3458, 3454
3458, 3459
3458, 3460
3459, 3455
3459, 3456
3459, 3457
3459, 3458
3460, 3453
3460, 3454
3460, 3455
3460, 3456
3460, 3457
3460, 3458
3461, 3468
3462, 3468
3463, 3467
3464, 3467
3465, 3466
3465, 3468
3466, 3465
3466, 3467
3466, 3468
3467, 3463
3467, 3464
3467, 3466
3468, 3461
3468, 3462
3468, 3465
3468, 3466
3469, 3475
3470, 3475
3471, 3474
3472, 3473
3472, 3474
3473, 3472
3473, 3474
3473, 3475
3474, 3471
3474, 3472
3474, 3473
3474, 3475
3475, 3469
3475, 3470
3475, 3473
3475, 3474
3476, 3482
3477, 3482
3478, 3481
3479, 3481
3479, 3482
3480, 3481
3480, 3482
3481, 3478
3481, 3479
3481, 3480
3482, 3476
3482, 3477
3482, 3479
3482, 3480
3483, 3490
3484, 3490
3485, 3489
3486, 3488
3487, 3489
3487, 3490
3488, 3486
3488, 3489
3488, 3490
3489, 3485
3489, 3487
3489, 3488
3490, 3483
3490, 3484
3490, 3487
3490, 3488
3491, 3498
3492, 3498
3493, 3496
3494, 3497
3494, 3498
3495, 3496
3495, 3497
3496, 3493
3496, 3495
3496, 3498
3497, 3494
3497, 3495
3497, 3498
3498, 3491
3498, 3492
3498, 3494
3498, 3496
3498, 3497
3499, 3505
3500, 3505
3501, 3504
3501, 3505
3502, 3503
3502, 3504
3503, 3502
3503, 3504
3503, 3505
3504, 3501
3504, 3502
3504, 3503
3505, 3499
3505, 3500
3505, 3501
3505, 3503
3506, 3513
3507, 3513
3508, 3513
3509, 3513
3510, 3512
3511, 3512
3511, 3513
3512, 3510
3512, 3511
3512, 3513
3513, 3506
3513, 3507
3513, 3508
3513, 3509
3513, 3511
3513, 3512
3514, 3519
3514, 3520
3515, 3517
3515, 3519
3516, 3517
3516, 3520
3517, 3515
3517, 3516
3517, 3518
3518, 3517
3518, 3519
3518, 3520
3519, 3514
3519, 3515
3519, 3518
3519, 3520
3520, 3514
3520, 3516
3520, 3518
3520, 3519
3521, 3528
3522, 3528
3523, 3525
3523, 3528
3524, 3527
3524, 3528
3525, 3523
3525, 3526
3526, 3525
3526, 3527
3526, 3528
3527, 3524
3527, 3526
3527, 3528
3528, 3521
3528, 3522
3528, 3523
3528, 3524
3528, 3526
3528, 3527
3529, 3530
3529, 3532
3529, 3534
3530, 3529
3530, 3533
3530, 3534
3531, 3532
3531, 3533
3531, 3534
3532, 3529
3532, 3531
3532, 3533
3532, 3534
3533, 3530
3533, 3531
3533, 3532
3533, 3534
3534, 3529
3534, 3530
3534, 3531
3534, 3532
3534, 3533
3535, 3541
3536, 3541
3537, 3540
3538, 3539
3538, 3541
3539, 3538
3539, 3540
3540, 3537
3540, 3539
3540, 3541
3541, 3535
3541, 3536
3541, 3538
3541, 3540
3542, 3548
3543, 3549
3544, 3548
3544, 3549
3545, 3548
3545, 3549
3546, 3547
3546, 3548
3546, 3549
3547, 3546
3547, 3548
3547, 3549
3548, 3542
3548, 3544
3548, 3545
3548, 3546
3548, 3547
3549, 3543
3549, 3544
3549, 3545
3549, 3546
3549, 3547
3550, 3554
3551, 3555
3552, 3554
3552, 3556
3553, 3555
3553, 3556
3554, 3550
3554, 3552
3554, 3556
3555, 3551
3555, 3553
3555, 3556
3556, 3552
3556, 3553
3556, 3554
3556, 3555
3557, 3559
3557, 3560
3557, 3561
3557, 3562
3558, 3559
3558, 3560
3558, 3561
3558, 3562
3559, 3557
3559, 3558
3559, 3560
3559, 3561
3559, 3562
3560, 3557
3560, 3558
3560, 3559
3560, 3561
3560, 3562
3561, 3557
3561, 3558
3561, 3559
3561, 3560
3561, 3562
3562, 3557
3562, 3558
3562, 3559
3562, 3560
3562, 3561
3563, 3568
3563, 3569
3564, 3565
3564, 3566
3564, 3567
3565, 3564
3565, 3568
3565, 3569
3566, 3564
3566, 3568
3566, 3569
3567, 3564
3567, 3568
3567, 3569
3568, 3563
3568, 3565
3568, 3566
3568, 3567
3569, 3563
3569, 3565
3569, 3566
3569, 3567
3570, 3577
3571, 3575
3572, 3576
3572, 3577
3573, 3576
3573, 3577
3574, 3575
3574, 3577
3575, 3571
3575, 3574
3576, 3572
3576, 3573
3577, 3570
3577, 3572
3577, 3573
3577, 3574
3578, 3584
3579, 3580
3580, 3579
3580, 3584
3581, 3583
3581, 3584
3582, 3583
3582, 3584
3583, 3581
3583, 3582
3583, 3584
3584, 3578
3584, 3580
3584, 3581
3584, 3582
3584, 3583
3585, 3589
3585, 3590
3586, 3589
3586, 3590
3587, 3589
3587, 3590
3588, 3589
3588, 3590
3589, 3585
3589, 3586
3589, 3587
3589, 3588
3590, 3585
3590, 3586
3590, 3587
3590, 3588
3591, 3597
3592, 3594
3592, 3597
3593, 3595
3593, 3597
3594, 3592
3594, 3596
3595, 3593
3595, 3596
3596, 3594
3596, 3595
3596, 3597
3597, 3591
3597, 3592
3597, 3593
3597, 3596
3598, 3605
3599, 3605
3600, 3605
3601, 3603
3602, 3604
3603, 3601
3603, 3604
3604, 3602
3604, 3603
3604, 3605
3605, 3598
3605, 3599
3605, 3600
3605, 3604
3606, 3611
3607, 3610
3607, 3612
3608, 3611
3608, 3612
3609, 3610
3609, 3611
3609, 3612
3610, 3607
3610, 3609
3610, 3611
3610, 3612
3611, 3606
3611, 3608
3611, 3609
3611, 3610
3611, 3612
3612, 3607
3612, 3608
3612, 3609
3612, 3610
3612, 3611
3613, 3617
3614, 3618
3614, 3619
3615, 3618
3615, 3619
3616, 3618
3616, 3619
3617, 3613
3617, 3618
3617, 3619
3618, 3614
3618, 3615
3618, 3616
3618, 3617
3618, 3619
3619, 3614
3619, 3615
3619, 3616
3619, 3617
3619, 3618
3620, 3625
3621, 3622
3621, 3623
3621, 3624
3621, 3625
3622, 3621
3622, 3623
3622, 3624
3622, 3625
3623, 3621
3623, 3622
3623, 3624
3623, 3625
3624, 3621
3624, 3622
3624, 3623
3624, 3625
3625, 3620
3625, 3621
3625, 3622
3625, 3623
3625, 3624
3626, 3632
3627, 3633
3628, 3633
3629, 3632
3630, 3631
3630, 3632
3630, 3633
3631, 3630
3631, 3632
3631, 3633
3632, 3626
3632, 3629
3632, 3630
3632, 3631
3632, 3633
3633, 3627
3633, 3628
3633, 3630
3633, 3631
3633, 3632
3634, 3640
3635, 3638
3636, 3639
3637, 3638
3637, 3639
3638, 3635
3638, 3637
3638, 3640
3639, 3636
3639, 3637
3639, 3640
3640, 3634
3640, 3638
3640, 3639
3641, 3642
3641, 3643
3641, 3644
3641, 3645
3641, 3646
3642, 3641
3642, 3643
3642, 3644
3642, 3645
3642, 3646
3643, 3641
3643, 3642
3643, 3644
3643, 3645
3643, 3646
3644, 3641
3644, 3642
3644, 3643
3644, 3645
3644, 3646
3645, 3641
3645, 3642
3645, 3643
3645, 3644
3645, 3646
3646, 3641
3646, 3642
3646, 3643
3646, 3644
3646, 3645
3647, 3652
3647, 3653
3648, 3652
3648, 3653
3649, 3651
3649, 3653
3650, 3651
3650, 3652
3650, 3653
3651, 3649
3651, 3650
3651, 3653
3652, 3647
3652, 3648
3652, 3650
3653, 3647
3653, 3648
3653, 3649
3653, 3650
3653, 3651
3654, 3660
3655, 3657
3656, 3659
3656, 3660
3657, 3655
3657, 3658
3658, 3657
3658, 3659
3658, 3660
3659, 3656
3659, 3658
3659, 3660
3660, 3654
3660, 3656
3660, 3658
3660, 3659
3661, 3667
3662, 3667
3663, 3667
3664, 3665
3664, 3666
3665, 3664
3665, 3666
3665, 3667
3666, 3664
3666, 3665
3666, 3667
3667, 3661
3667, 3662
3667, 3663
3667, 3665
3667, 3666
3668, 3675
3669, 3674
3670, 3674
3670, 3675
3671, 3672
3671, 3675
3672, 3671
3672, 3673
3673, 3672
3673, 3674
3673, 3675
3674, 3669
3674, 3670
3674, 3673
3675, 3668
3675, 3670
3675, 3671
3675, 3673
3676, 3681
3676, 3682
3677, 3681
3677, 3682
3678, 3680
3678, 3682
3679, 3680
3679, 3681
3679, 3682
3680, 3678
3680, 3679
3680, 3681
3680, 3682
3681, 3676
3681, 3677
3681, 3679
3681, 3680
3682, 3676
3682, 3677
3682, 3678
3682, 3679
3682, 3680
3683, 3690
3684, 3690
3685, 3690
3686, 3688
3686, 3690
3687, 3689
3687, 3690
3688, 3686
3688, 3689
3689, 3687
3689, 3688
3689, 3690
3690, 3683
3690, 3684
3690, 3685
3690, 3686
3690, 3687
3690, 3689
3691, 3697
3692, 3696
3692, 3697
3693, 3695
3693, 3696
3693, 3697
3694, 3695
3694, 3696
3694, 3697
3695, 3693
3695, 3694
3695, 3697
3696, 3692
3696, 3693
3696, 3694
3696, 3697
3697, 3691
3697, 3692
3697, 3693
3697, 3694
3697, 3695
3697, 3696
3698, 3705
3699, 3705
3700, 3704
3700, 3705
3701, 3704
3701, 3705
3702, 3703
3702, 3705
3703, 3702
3703, 3705
3704, 3700
3704, 3701
3705, 3698
3705, 3699
3705, 3700
3705, 3701
3705, 3702
3705, 3703
3706, 3707
3706, 3710
3706, 3711
3707, 3706
3707, 3710
3707, 3711
3708, 3709
3708, 3710
3708, 3711
3709, 3708
3709, 3710
3709, 3711
3710, 3706
3710, 3707
3710, 3708
3710, 3709
3711, 3706
3711, 3707
3711, 3708
3711, 3709
3712, 3718
3713, 3718
3714, 3718
3715, 3717
3715, 3718
3716, 3717
3716, 3718
3717, 3715
3717, 3716
3718, 3712
3718, 3713
3718, 3714
3718, 3715
3718, 3716
3719, 3722
3720, 3722
3721, 3722
3722, 3719
3722, 3720
3722, 3721
3723, 3724
3724, 3723
3724, 3729
3725, 3728
3725, 3729
3726, 3728
3726, 3729
3727, 3728
3727, 3729
3728, 3725
3728, 3726
3728, 3727
3728, 3729
3729, 3724
3729, 3725
3729, 3726
3729, 3727
3729, 3728
3730, 3733
3730, 3734
3731, 3732
3731, 3733
3731, 3735
3732, 3731
3732, 3734
3732, 3735
3733, 3730
3733, 3731
3733, 3734
3733, 3735
3734, 3730
3734, 3732
3734, 3733
3734, 3735
3735, 3731
3735, 3732
3735, 3733
3735, 3734
3736, 3742
3737, 3740
3738, 3741
3738, 3742
3739, 3740
3739, 3741
3740, 3737
3740, 3739
3740, 3742
3741, 3738
3741, 3739
3741, 3742
3742, 3736
3742, 3738
3742, 3740
3742, 3741
3743, 3750
3744, 3750
3745, 3749
3745, 3750
3746, 3748
3746, 3749
3746, 3750
3747, 3748
3747, 3749
3747, 3750
3748, 3746
3748, 3747
3748, 3750
3749, 3745
3749, 3746
3749, 3747
3750, 3743
3750, 3744
3750, 3745
3750, 3746
3750, 3747
3750, 3748
3751, 3757
3752, 3756
3752, 3757
3753, 3754
3753, 3755
3753, 3756
3754, 3753
3754, 3756
3754, 3757
3755, 3753
3755, 3756
3755, 3757
3756, 3752
3756, 3753
3756, 3754
3756, 3755
3757, 3751
3757, 3752
3757, 3754
3757, 3755
3758, 3763
3759, 3760
3759, 3761
3759, 3762
3760, 3759
3760, 3761
3760, 3762
3760, 3763
3761, 3759
3761, 3760
3761, 3762
3761, 3763
3762, 3759
3762, 3760
3762, 3761
3762, 3763
3763, 3758
3763, 3760
3763, 3761
3763, 3762
3764, 3771
3765, 3771
3766, 3771
3767, 3770
3767, 3771
3768, 3769
3768, 3770
3769, 3768
3769, 3770
3769, 3771
3770, 3767
3770, 3768
3770, 3769
3770, 3771
3771, 3764
3771, 3765
3771, 3766
3771, 3767
3771, 3769
3771, 3770
3772, 3779
3773, 3778
3774, 3777
3774, 3779
3775, 3778
3775, 3779
3776, 3778
3776, 3779
3777, 3774
3777, 3778
3777, 3779
3778, 3773
3778, 3775
3778, 3776
3778, 3777
3779, 3772
3779, 3774
3779, 3775
3779, 3776
3779, 3777
3780, 3781
3780, 3782
3781, 3780
3781, 3783
3782, 3780
3782, 3784
3783, 3781
3783, 3784
3784, 3782
3784, 3783
3785, 3792
3786, 3792
3787, 3791
3788, 3791
3788, 3792
3789, 3791
3789, 3792
3790, 3791
3790, 3792
3791, 3787
3791, 3788
3791, 3789
3791, 3790
3792, 3785
3792, 3786
3792, 3788
3792, 3789
3792, 3790
3793, 3800
3794, 3800
3795, 3800
3796, 3800
3797, 3800
3798, 3800
3799, 3800
3800, 3793
3800, 3794
3800, 3795
3800, 3796
3800, 3797
3800, 3798
3800, 3799
3801, 3806
3802, 3807
3803, 3805
3803, 3806
3804, 3805
3804, 3807
3805, 3803
3805, 3804
3805, 3806
3805, 3807
3806, 3801
3806, 3803
3806, 3805
3806, 3807
3807, 3802
3807, 3804
3807, 3805
3807, 3806
