2.0
1.0
0.7639320492744446
0.7035395503044128
0.2384428232908249
1.0
0.3819660246372223
1.0
1.0
1.5857864618301392
0.6638137102127075
0.9393377304077148
0.7960802912712097
0.8394686579704285
1.6972243785858154
0.36764392256736755
1.4384472370147705
0.3567756116390228
1.0
1.518805742263794
0.8377223610877991
0.43844717741012573
2.0
0.7399221658706665
1.0
0.2774069011211395
0.9399173855781555
0.9275227785110474
0.7301288843154907
0.5107114315032959
1.0
0.48586305975914
1.3819659948349
0.3186693489551544
0.18639349937438965
0.3819660246372223
0.3186693489551544
0.41025567054748535
0.5857864618301392
1.208712100982666
0.6785024404525757
1.3009883165359497
0.3478800654411316
2.0
0.6972243785858154
0.7269271612167358
1.0
0.8394686579704285
0.3819660246372223
0.37380191683769226
0.513960599899292
1.0
0.6086176037788391
0.7715327739715576
0.7610796093940735
0.3588135242462158
0.7419420480728149
0.5598393082618713
1.5857864618301392
0.513960599899292
0.8701593279838562
0.7269271612167358
0.5188056826591492
0.43844717741012573
1.0
3.0
3.0
1.0
0.5857864618301392
0.6972243785858154
0.2774069011211395
1.0
0.8225902915000916
1.2679492235183716
1.0
1.0
0.8377223610877991
0.3248691260814667
1.0
0.5961468815803528
1.0
1.3819659948349
1.1863934993743896
0.35424870252609253
0.8299134969711304
0.9486257433891296
1.4384472370147705
0.5188056826591492
1.0
0.2679491937160492
1.0
0.4524933993816376
0.8775640726089478
0.9138697981834412
0.6277186870574951
0.3403209447860718
0.5069425106048584
0.7762224078178406
0.16671700775623322
1.0
0.5857864618301392
1.6972243785858154
0.7639320492744446
2.0
1.318669319152832
1.0
0.7639320492744446
1.3819659948349
0.6765957474708557
2.0
1.495696783065796
0.47457244992256165
3.0
1.0
0.7029294371604919
0.9659581780433655
0.513960599899292
0.825072169303894
0.7437516450881958
0.5116985440254211
0.5857864618301392
0.5370615124702454
0.6739708781242371
0.3478800654411316
0.43844717741012573
0.5926024317741394
1.0
0.6765957474708557
0.428433358669281
0.8265991806983948
0.5074884295463562
0.2955321967601776
1.7856802940368652
0.4524933993816376
0.3679121434688568
0.5857864618301392
1.8299134969711304
1.518805742263794
0.8929036259651184
0.9009733200073242
0.689221203327179
0.8673624992370605
0.8673624992370605
0.5737703442573547
0.8778281807899475
2.0
0.6544610857963562
1.0
0.9486257433891296
0.7459673285484314
0.5107114315032959
0.8074175715446472
0.2679491937160492
0.5857864618301392
0.4524933993816376
0.43844717741012573
0.9177230000495911
0.8074175715446472
1.0
0.48586305975914
0.8457934856414795
0.39832085371017456
2.0
0.41309401392936707
1.4659297466278076
0.6972243785858154
0.3588135242462158
0.9429717063903809
1.442387580871582
0.7029294371604919
2.5857863426208496
0.39062801003456116
0.7029294371604919
1.0
0.5553408861160278
1.2679492235183716
0.669213056564331
0.7639320492744446
0.6972243785858154
2.0
0.7459673285484314
0.4659298062324524
1.0
1.2679492235183716
1.0
0.835279643535614
0.8074175715446472
2.0
1.8299134969711304
0.672808825969696
0.752985417842865
2.0
0.47457244992256165
0.7639320492744446
0.5188056826591492
0.9274237751960754
2.0
0.9138697981834412
0.7215864062309265
0.5857864618301392
0.5505102276802063
0.5695806741714478
0.8929036259651184
1.0
0.22537709772586823
0.6334378123283386
0.669213056564331
0.43844717741012573
5.0
0.8306851983070374
0.4524933993816376
0.5188056826591492
0.5857864618301392
0.663751482963562
0.5069425106048584
1.0
0.39832085371017456
0.35424870252609253
0.43844717741012573
1.0
0.560688316822052
0.43844717741012573
0.752985417842865
1.0148377418518066
0.3569583594799042
1.6972243785858154
0.8673624992370605
0.9217367768287659
1.7856802940368652
0.6885188817977905
0.8486680388450623
0.7639320492744446
0.8798508644104004
0.46791112422943115
0.597212553024292
1.0
2.0
0.5857864618301392
1.0
0.47457244992256165
0.6313506364822388
1.0
1.0
1.0
0.2022566795349121
0.6277186870574951
0.6175869107246399
1.2679492235183716
0.8817161321640015
1.1863934993743896
0.2679491937160492
0.7035395503044128
0.672808825969696
0.8254256844520569
0.2679491937160492
1.0
0.8038444519042969
0.7029294371604919
1.0
2.0
1.3819659948349
0.9381953477859497
0.9659581780433655
0.6425563097000122
0.752985417842865
1.0
0.5553408861160278
0.43844717741012573
0.7311853170394897
0.7639320492744446
1.0
0.45152175426483154
0.7269271612167358
0.6086176037788391
0.5857864618301392
0.39832085371017456
0.6665462851524353
1.208712100982666
0.21368226408958435
0.9099116921424866
0.657076895236969
0.5505102276802063
1.0
0.22428713738918304
1.1715729236602783
1.0
0.5961468815803528
2.0
0.5857864618301392
0.560688316822052
0.6086176037788391
0.4330490231513977
0.7029294371604919
0.36565110087394714
0.6972243785858154
0.2679491937160492
1.1087801456451416
0.39832085371017456
0.7639320492744446
0.6972243785858154
2.0
1.5857864618301392
0.916127622127533
1.0
0.8394686579704285
0.560688316822052
2.0
0.9486257433891296
0.2955321967601776
0.5505102276802063
2.0
1.0
0.37380191683769226
0.6150412559509277
2.0
0.657076895236969
1.5857864618301392
3.0
0.6277186870574951
0.9217367768287659
0.19806227087974548
0.6674202084541321
0.6239210367202759
0.669213056564331
1.0
0.6509090065956116
1.0
1.0
1.0
0.6765957474708557
0.2765199542045593
2.3819661140441895
0.8850924372673035
2.0
0.6823557019233704
0.6714282035827637
0.657076895236969
1.5007022619247437
0.3217196464538574
0.6227971315383911
0.916127622127533
0.4964955151081085
0.8064514398574829
0.7726606130599976
0.8725324869155884
0.6972243785858154
1.5857864618301392
0.8377223610877991
0.30304154753685
0.821419894695282
0.42360639572143555
0.6277186870574951
0.6837345361709595
1.0
0.7639320492744446
1.318669319152832
0.9384356141090393
1.0
1.6072437763214111
0.5857864618301392
0.8225902915000916
0.4524933993816376
0.2603226900100708
1.0
0.8673624992370605
0.44238758087158203
0.687156617641449
0.7971298098564148
0.33391955494880676
0.2384428232908249
0.5446752905845642
0.8299134969711304
0.6765957474708557
0.713064432144165
1.4384472370147705
0.43844717741012573
0.42211049795150757
2.0
3.0
0.46791112422943115
2.0
0.2774069011211395
0.8301790952682495
0.8673624992370605
2.5857863426208496
1.0
0.48586305975914
0.2955321967601776
3.0
0.35813817381858826
0.9417867064476013
0.6277186870574951
2.0
2.0
0.7381977438926697
1.4515957832336426
2.0
0.8850924372673035
1.5857864618301392
0.39832085371017456
1.7639319896697998
0.7639320492744446
1.0
0.4659298062324524
0.29072463512420654
4.0
0.21834655106067657
1.4384472370147705
0.633368968963623
0.4356817901134491
1.4384472370147705
1.0
0.6462753415107727
0.2537868022918701
1.324869155883789
0.3248691260814667
0.6989587545394897
0.7224206924438477
1.0
0.9728434681892395
2.267949104309082
0.5448659658432007
1.1715729236602783
1.4384472370147705
0.877012312412262
0.7639320492744446
0.6765957474708557
0.6313506364822388
0.7035395503044128
0.4193708896636963
3.0
2.0
0.8850924372673035
0.7898158431053162
1.7381978034973145
1.0
0.3879333734512329
0.7639320492744446
0.41163599491119385
0.6972243785858154
1.0
0.6277186870574951
0.4915187954902649
0.8244404792785645
0.34167221188545227
0.8673624992370605
0.916127622127533
1.0
0.2592836916446686
1.0
3.0
0.2384428232908249
0.646999180316925
1.0
4.0
0.5069425106048584
0.3819660246372223
0.8377223610877991
1.6313506364822388
1.4384472370147705
0.3186693489551544
3.0
0.48586305975914
1.0
0.2384428232908249
1.0
0.37380191683769226
0.6632047891616821
0.7639320492744446
0.7464445233345032
3.0
0.37380191683769226
0.7639320492744446
1.6972243785858154
0.5961468815803528
0.4483957290649414
1.0
4.0
0.8394686579704285
0.9234004020690918
0.8890246152877808
0.6717684864997864
1.4858630895614624
0.8377223610877991
1.318669319152832
1.2679492235183716
0.9138697981834412
0.9157329201698303
1.0
0.8636391162872314
0.5737703442573547
0.9616445302963257
0.2966823875904083
0.6150412559509277
0.513960599899292
0.5065637230873108
0.5857864618301392
0.6338322162628174
0.5737703442573547
1.3819659948349
0.8413951396942139
2.3819661140441895
0.5857864618301392
0.7639320492744446
0.46791112422943115
4.0
1.7381978034973145
0.2652292847633362
0.4659298062324524
2.0
0.8457934856414795
0.2888014018535614
0.924059271812439
0.7269271612167358
1.0
0.6277186870574951
0.5857864618301392
6.0
1.1891059875488281
0.386229008436203
0.7269271612167358
0.5571727752685547
1.5857864618301392
0.7931222915649414
1.0
0.7029294371604919
2.0
0.7269271612167358
1.0
0.4659298062324524
1.6972243785858154
0.6338322162628174
0.9058789014816284
0.8542209267616272
0.9138697981834412
0.7966645359992981
0.6960346698760986
1.3819659948349
0.6277186870574951
1.0
0.7148575186729431
